-0.480439
0.333072
0.631031
-0.346761
0.673795
0.107300
-0.334638
0.780139
0.059563
-0.026387
-0.552350
0.410469
-0.428019
0.282996
0.089173
0.415970
0.361182
-0.621827
0.691776
0.109668
0.584008
0.297075
0.385449
0.168849
0.258133
0.766858
-0.292463
0.066167
-0.157124
-0.107697
0.288588
-0.445844
0.299232
-0.238359
-0.175117
0.676108
0.519028
0.170490
-0.973286
-0.265105
0.430138
-0.558640
0.573411
0.173780
-0.288939
-0.071999
-0.442895
0.358783
-0.544909
0.253151
0.737082
0.625650
0.814823
-0.196790
0.605993
0.116436
-0.461099
-0.070880
-0.686352
-0.223180
0.465284
0.235827
-0.666295
-0.443556
-0.217486
-0.260103
-0.059652
0.704892
-0.420801
0.040546
-0.338563
-0.758514
0.117665
0.586454
0.125560
0.254698
0.106322
0.524880
-0.021537
-0.418651
0.011685
0.393846
0.555105
0.741406
0.574054
0.853631
-0.553443
-0.569291
-0.483974
-0.254693
0.694377
-0.704775
0.654858
0.043287
-0.047857
-0.374376
0.395517
-0.074390
0.185745
-0.502645
-0.816233
-0.135534
0.243980
0.100205
0.087035
0.473938
-0.351000
-0.742682
-0.221894
0.363199
-0.707808
0.737627
0.531985
0.697283
-0.341959
-0.231238
-0.279953
-0.714663
0.616964
0.555823
-0.626758
-0.058660
0.478705
0.563851
-0.769957
0.098414
0.576908
-0.138813
0.114791
-0.736926
-0.106186
0.000541
-0.281696
-0.183332
0.824134
-0.305515
0.779639
-0.973414
0.012808
0.317680
0.393117
0.410451
-0.266801
-0.129551
-0.103284
-0.525554
0.166061
-0.506893
0.690295
-0.128428
0.155374
-0.301955
0.772337
0.286868
-0.417028
0.442498
0.182925
-0.332599
-0.409177
0.736200
-0.158342
-0.739417
0.053469
0.064036
0.640239
0.737463
-0.025472
-0.225627
0.330763
0.242298
-0.102419
0.048349
-0.474558
-0.793385
-0.280167
0.220215
-0.106491
0.001991
-0.261039
-0.798072
0.094342
0.858014
-0.129999
-0.955001
0.753647
0.013487
0.063881
0.105587
-0.607893
-0.632770
0.207591
-0.831520
0.415139
-0.163326
-0.213544
-0.038324
-0.872648
0.754117
0.641584
-0.075052
-0.112617
0.344329
-0.402429
0.065719
-0.427031
0.282352
0.009343
-0.221376
0.188155
-0.647717
-0.675104
0.437014
-0.516345
-0.314847
0.648831
-0.803210
-0.233217
0.484203
0.245973
-0.035796
0.768510
-0.759028
0.761045
0.059429
-0.067064
0.348296
-0.213607
0.011156
0.747758
0.443003
-0.873672
-0.256545
-0.911135
-0.602577
0.021456
-0.488618
0.183708
-0.707012
0.168547
-0.535388
0.369589
0.319049
-0.420063
0.331539
0.233597
-0.187300
-0.717920
0.329270
-0.342583
0.581925
-0.525216
0.001080
0.212227
0.862009
0.297819
0.483060
-0.221866
-0.269746
0.022628
0.012401
0.116452
-0.237906
0.352623
-0.316704
0.353953
-0.664119
0.165422
-0.268334
-0.051864
-0.488687
-0.213006
-0.556963
0.235055
0.244407
-0.517873
-0.064234
0.461524
0.291009
0.964739
0.230250
0.767842
-0.636323
-0.420509
-0.598321
-0.196085
0.291245
0.179944
0.159376
0.273693
-0.509356
-0.061105
-0.075048
-0.658491
0.362351
0.131807
0.477536
-0.346627
0.752611
0.073907
-0.044761
-0.953583
0.614995
0.011575
0.287808
-0.135017
0.591430
-0.621969
-0.612222
-0.695152
-0.616418
0.048831
0.276866
0.001057
-0.361346
0.141169
-0.414234
0.251308
0.547861
-0.885493
-0.628761
-0.831235
0.449720
0.487410
0.562616
-0.215629
-0.371155
0.367530
-0.267457
0.123626
-0.617086
-0.412961
0.925256
-0.511773
0.220877
-0.061453
0.431380
0.108599
-0.140188
0.076054
-0.241062
0.380781
0.652236
0.773290
-0.591980
0.244458
0.616247
-0.491143
-0.199871
0.062405
0.295255
0.830438
-0.199171
-0.905881
-0.882494
0.513738
0.630120
0.743380
-0.710372
0.442922
-0.538193
0.573613
0.582082
-0.352664
0.245033
0.211648
0.036681
-0.545743
-0.481480
-0.465963
-0.239439
-0.406538
-0.588359
0.071817
0.252033
-0.593449
0.350060
-0.857158
-0.635254
-0.858315
-0.446802
0.686494
0.232748
0.046339
-0.860949
-0.732373
0.305438
-0.326084
-0.215325
0.050540
-0.255816
-0.102330
-0.589094
-0.689696
0.358186
-0.547617
-0.707697
-0.813215
0.521631
0.683236
0.677107
0.654685
0.083896
0.498189
0.376432
0.262810
0.729374
0.452479
-0.470873
0.075714
-0.488759
-0.491356
0.272297
-0.640059
0.258507
-0.800194
0.443464
-0.310110
0.081848
-0.253296
-0.648984
-0.226223
0.502745
0.429639
-0.579870
-0.591480
0.459751
0.208524
-0.437833
0.133362
-0.320988
-0.789546
-0.653867
-0.493574
-0.673115
-0.251410
0.516747
-0.259105
0.538360
0.415041
0.871490
0.284038
-0.221819
-0.104470
0.236820
-0.190585
0.222285
0.836273
0.158759
-0.438153
0.190874
0.710168
0.038540
-0.229535
0.500533
0.662026
-0.130178
-0.420951
0.041834
-0.043095
0.173766
0.789618
-0.714073
0.135071
0.614071
-0.167797
-0.170019
0.141347
-0.688541
-0.813823
0.067498
0.403178
-0.777737
-0.700293
-0.470399
0.525720
-0.241799
0.442011
0.175440
0.881850
0.161839
0.176690
0.395405
0.267880
-0.062536
-0.197910
0.765246
-0.297976
-0.125523
-0.791249
0.350256
0.282680
-0.715459
-0.483413
0.896073
0.516213
0.781895
0.414991
0.370156
-0.043204
0.347340
0.136542
0.012549
0.090712
0.725984
0.188805
0.236013
0.426368
0.162696
0.613763
0.315468
-0.082456
-0.038870
0.702206
-0.702472
-0.776548
-0.831036
-0.042956
-0.024546
0.820808
-0.553577
0.720982
-0.299555
0.812890
-0.377151
0.248695
-0.326396
-0.494617
0.289438
0.545185
0.317740
0.537632
-0.321559
-0.036752
0.570729
0.879945
-0.560531
-0.332042
-0.891141
-0.397928
0.400678
0.141586
-0.126436
-0.531438
0.017629
-0.453219
-0.888999
0.504804
0.426352
-0.301306
-0.978560
0.638579
-0.261425
0.512051
-0.331942
-0.386706
0.266056
0.195806
0.001265
0.180094
-0.427168
-0.939431
0.166604
0.117051
0.437497
-0.565733
0.208221
0.151306
-0.100875
-0.133278
-0.410084
0.581812
0.359576
0.877769
0.299135
-0.718566
0.585016
-0.001244
0.538738
0.326786
-0.407564
-0.418473
0.107408
-0.001416
0.692699
0.491233
0.065963
-0.539464
0.159811
0.031780
-0.079237
0.670425
-0.721696
-0.115670
-0.333144
-0.021539
0.305422
-0.121073
0.166827
0.517864
0.076995
0.044955
-0.012253
0.479942
0.709064
0.710881
0.340679
-0.179281
0.236155
0.810885
-0.107429
0.861943
0.450422
-0.230371
0.022925
0.297736
0.487184
-0.269174
-0.187914
-0.550531
-0.139205
0.228220
0.671526
0.388972
0.349125
0.023516
0.325511
0.156035
0.555890
0.380692
-0.692086
-0.604124
-0.530320
0.539153
-0.228958
0.718060
-0.487461
-0.325332
0.737001
0.582508
-0.183130
0.279444
-0.897439
-0.495224
-0.416005
-0.009920
0.169657
-0.806549
0.499897
0.457331
0.371275
-0.700850
0.205053
0.309972
0.528464
0.138033
0.828708
-0.309291
-0.647099
0.449351
-0.177077
-0.038015
0.506993
0.511718
0.053546
0.528072
0.144005
0.607177
0.724650
-0.034324
-0.368259
-0.514943
0.282234
-0.219382
-0.560569
0.070559
0.215235
0.397841
0.322401
0.667387
0.238044
-0.041896
0.093660
0.384454
-0.108742
-0.054433
-0.077771
0.205721
0.098868
-0.087583
-0.413999
0.331293
0.784056
-0.548360
0.651031
0.049650
0.395663
0.486698
-0.532575
-0.618997
0.649728
0.497119
-0.439907
-0.581790
-0.372460
-0.049183
0.061520
0.220705
0.229142
0.216539
0.254350
0.721293
-0.756000
0.125725
-0.334171
0.721000
0.441507
-0.009745
-0.203526
0.455205
-0.703788
0.559241
-0.050946
0.096808
-0.018828
0.479278
0.045370
0.461329
-0.177599
0.625478
-0.591873
-0.109027
-0.575145
0.100316
0.125659
0.278143
-0.380840
0.890198
-0.603603
-0.148376
0.750539
-0.021924
0.300128
0.569146
0.354685
-0.037874
-0.023155
-0.054559
0.299716
-0.659666
0.192232
0.114740
-0.060173
0.006843
0.007936
-0.068636
0.012555
-0.334785
-0.270060
-0.627529
0.320312
-0.126960
-0.590610
0.051167
-0.297968
0.075070
-0.452659
-0.161545
0.503048
-0.098339
0.019842
0.373073
0.447798
-0.531667
-0.276262
-0.272046
0.234274
0.623235
0.396479
-0.746990
-0.043973
-0.800693
-0.000930
-0.061972
0.434269
0.126528
-0.808141
0.121421
-0.276088
0.657021
-0.185714
-0.052804
-0.142037
-0.101847
0.355147
0.556703
0.693071
0.423805
-0.647235
-0.441636
-0.553702
-0.642178
0.330832
-0.371962
-0.387441
-0.330742
0.073092
0.629554
0.011688
-0.076565
-0.025950
-0.847837
0.328877
0.876099
-0.059953
0.248823
0.214984
0.732412
-0.096743
0.277639
0.634347
0.572713
0.768503
0.201448
0.860417
-0.242471
-0.293228
-0.289564
-0.722756
0.863295
-0.470353
0.147311
-0.447115
-0.412833
-0.314504
0.258684
-0.175398
0.312642
-0.422894
-0.359185
0.654887
0.127152
0.484044
0.335524
0.529999
0.311135
-0.625669
-0.281248
0.318006
0.421136
-0.448746
-0.352901
0.058652
-0.125610
-0.306351
0.408811
-0.030470
-0.651985
0.624522
0.071697
-0.204150
0.418010
0.272026
-0.203878
0.362690
-0.048787
-0.625606
0.518587
-0.452131
-0.203827
0.039626
0.769462
-0.453886
-0.424522
0.304645
0.011462
0.254375
-0.213249
-0.603066
0.382471
-0.682497
0.655542
-0.367930
-0.258170
-0.293741
0.784623
0.456131
0.134417
0.709094
-0.256559
-0.360766
0.439034
0.180761
-0.003857
-0.589255
0.404513
-0.246809
0.044781
-0.214250
0.672724
0.011432
0.074220
-0.291553
-0.293575
-0.379105
0.477991
0.096434
-0.024264
-0.244711
0.609491
0.260703
-0.134081
-0.162155
0.077108
0.214991
0.251145
0.119403
-0.056524
-0.334552
-0.191815
-0.234027
-0.129232
-0.031388
0.728753
0.743656
-0.250926
0.147700
0.257316
0.204813
0.774826
0.767448
-0.438706
-0.457560
0.033747
0.009232
-0.195382
0.342342
0.481027
0.561421
-0.171390
0.498157
-0.402984
0.630397
0.696958
0.023900
-0.317496
0.277741
-0.200782
0.058952
0.348949
0.236662
-0.044212
-0.075051
0.900237
0.547392
0.915108
0.021345
-0.605707
0.155910
-0.364100
-0.321342
0.677015
0.206667
0.323795
0.156414
0.638880
-0.318096
-0.600982
0.220561
0.009988
0.744911
0.144420
0.598364
-0.602239
0.648008
-0.058813
0.348032
-0.348877
-0.538763
0.239547
0.899546
0.130248
0.109604
0.442040
-0.819143
-0.243618
0.655560
-0.091351
0.020609
0.163594
-0.216761
0.162247
-0.281201
0.416070
-0.620470
-0.240205
0.143829
-0.068108
0.687967
0.672890
-0.451185
0.086801
0.619157
0.208114
-0.458866
-0.531850
0.812585
-0.443791
-0.513825
0.189867
0.315352
0.862962
-0.682094
-0.045788
-0.186279
0.086745
-0.233241
0.218484
-0.039880
-0.274174
0.488185
-0.020508
-0.712598
-0.758391
-0.052158
0.196574
-0.512820
-0.864669
0.313468
0.390868
0.277015
-0.767720
-0.056605
-0.568122
0.739142
-0.441365
0.643037
-0.498974
-0.140152
0.621094
-0.627368
0.659737
-0.096714
0.627203
0.789499
0.545486
-0.669781
-0.400460
-0.274874
-0.351334
-0.287690
-0.397938
-0.107702
-0.282768
0.264274
-0.315636
-0.338610
-0.293596
0.259282
-0.000743
-0.096241
-0.746340
0.267374
0.234154
-0.523487
-0.129192
-0.546148
-0.677893
-0.089751
0.671953
0.497021
-0.555956
0.403897
-0.228504
0.749453
0.409006
0.178512
0.176403
0.364561
-0.865195
0.394895
-0.065187
-0.780660
-0.499867
-0.648586
0.241966
-0.498876
-0.264955
0.066655
0.539419
-0.364947
0.205923
-0.616068
0.004117
-0.157314
-0.147189
0.193934
-0.530340
0.428046
-0.414861
-0.810030
-0.729333
0.580173
-0.440218
-0.765977
0.844300
-0.200796
-0.683493
0.677894
-0.464775
-0.382674
0.471410
0.111916
-0.362393
0.304848
-0.722100
0.068012
0.217404
-0.400533
0.029470
0.051118
0.190036
-0.277161
0.202995
-0.825056
0.311139
0.479275
-0.489275
-0.228364
0.209182
0.140748
0.087759
0.829114
-0.784536
0.428328
0.271959
0.209372
0.244214
0.330674
0.216370
-0.128975
0.110547
-0.779899
0.262100
-0.439603
-0.120114
0.034941
0.124476
0.796640
0.584871
-0.379547
-0.391637
-0.431569
-0.531758
-0.508650
-0.182100
0.284816
-0.296626
-0.542644
0.275403
-0.476816
-0.166244
-0.585810
0.401947
-0.621495
0.294652
0.437578
0.530651
-0.034219
0.407727
0.062245
0.751088
0.717497
0.240126
-0.100538
0.196877
-0.232147
-0.178706
-0.172087
-0.379206
0.716698
0.565712
0.367988
-0.794081
0.533526
-0.133184
-0.731973
-0.234349
-0.623712
-0.517041
-0.583845
0.572644
-0.602124
0.239040
0.534429
0.402143
-0.487288
0.218341
0.824260
0.528949
-0.496403
0.577711
0.228488
0.986571
-0.076354
-0.011302
0.416247
-0.015372
-0.069256
0.788847
-0.375083
0.157921
0.243892
-0.563866
0.020060
0.167961
-0.321527
-0.144481
-0.469379
0.409061
0.606457
0.046664
0.615178
-0.530916
-0.202117
-0.460823
0.615608
0.378740
0.229488
0.270078
0.591006
-0.203008
0.559169
-0.151725
0.071323
0.037188
-0.144554
0.550786
-0.664284
0.039146
0.643178
0.644147
-0.312219
-0.541847
0.191672
0.382117
-0.014985
-0.716591
-0.110765
-0.854748
0.304166
0.512343
-0.336006
0.009137
0.058192
-0.034961
0.432923
0.044077
0.121871
-0.033385
-0.930794
-0.529215
0.793498
0.368909
0.413606
-0.027940
0.461147
0.199871
-0.389247
0.222664
-0.040106
0.202422
-0.446830
-0.008629
0.521928
-0.403413
-0.359098
-0.118040
0.589030
0.644592
0.725473
-0.016723
-0.603433
0.222816
0.175424
0.600574
0.663034
-0.588128
0.174814
-0.077168
0.642757
-0.145965
-0.298821
0.284074
0.256987
0.493216
0.210483
-0.459889
-0.250244
0.423777
-0.704320
-0.139724
0.164728
0.058502
0.826962
0.360644
-0.749480
-0.114661
0.128230
0.277000
-0.099463
0.528324
-0.339459
0.623965
-0.728294
-0.157430
-0.688470
-0.572871
0.436837
-0.067412
-0.291324
0.552300
0.658661
-0.161912
-0.042922
-0.699822
0.328875
-0.157012
0.062957
0.548492
-0.725618
0.473311
-0.278730
-0.684198
-0.653411
0.189598
-0.547350
0.037093
0.411591
-0.337812
0.512472
-0.000992
0.026916
0.699504
0.504667
-0.368605
-0.162384
-0.418444
0.034929
0.498753
0.255327
0.294315
0.860699
0.453480
-0.325449
0.310051
0.569017
-0.195213
-0.083564
0.002371
0.235406
0.329984
-0.148498
-0.110682
-0.317904
0.057823
0.097501
-0.057531
-0.427841
0.367015
0.327756
0.063723
-0.086093
-0.580065
-0.799532
-0.246394
0.731066
-0.322331
0.798990
0.634153
-0.789535
0.049770
0.137176
-0.472957
0.241318
0.089951
0.110737
0.144827
-0.877297
-0.669766
0.011436
-0.080953
0.934980
-0.706251
0.091342
0.454116
-0.717635
-0.169646
-0.229743
-0.237798
0.230976
0.056327
0.099633
-0.518007
-0.743303
0.011344
-0.746108
0.272800
0.431064
-0.642569
0.062086
-0.592566
0.305155
0.080960
0.696947
0.145033
0.885182
-0.114695
-0.607687
-0.142235
-0.005109
-0.469381
-0.059490
0.873073
-0.767657
-0.057178
0.335726
0.779980
0.216207
0.469053
0.220628
-0.054983
-0.562534
0.015578
0.406762
-0.496384
0.663280
-0.502276
-0.323521
-0.100628
0.717776
0.040997
0.284115
-0.303809
-0.473231
-0.465009
-0.266568
0.471055
0.551155
0.699766
0.304532
0.533656
-0.237541
-0.288332
-0.049558
0.481658
-0.098173
0.100914
-0.010423
-0.426824
-0.450289
-0.446680
0.600373
-0.204209
-0.287236
-0.011243
0.278425
-0.783889
0.602259
0.294946
-0.011474
0.261326
0.046091
-0.037725
-0.264705
-0.389544
0.469599
0.216539
-0.201667
0.143680
0.288563
0.306042
-0.547928
0.646834
-0.276450
0.342577
-0.064170
-0.777146
-0.481443
0.115263
0.181442
0.514415
0.604216
0.550908
0.472607
0.057023
-0.220560
-0.268384
0.247210
-0.059060
0.618681
0.923763
-0.163994
0.669856
0.229019
0.297092
0.625598
-0.495670
0.339006
0.233351
0.793786
0.273432
-0.502508
0.409457
0.236901
-0.958827
-0.669302
0.042673
0.151536
-0.490820
0.539829
0.743699
0.022228
-0.154812
0.747558
0.274420
0.421757
-0.290387
0.528712
-0.828942
0.119253
-0.914776
0.389226
-0.198076
0.377831
0.259698
-0.623480
0.229377
0.743281
-0.755895
0.854733
-0.585974
0.269179
-0.539752
-0.346390
0.135499
0.887548
-0.004478
-0.426092
-0.248416
-0.231771
-0.301916
-0.228163
0.116042
-0.678286
-0.161624
0.386537
0.476762
-0.227833
-0.272140
-0.774531
-0.182097
-0.220808
-0.158112
0.309076
-0.556503
0.362540
0.395974
-0.298381
0.276067
0.889732
-0.197543
0.579318
0.580169
-0.540362
-0.110637
0.519108
0.670776
0.088075
0.042449
0.039626
0.721702
0.354812
0.145896
-0.764062
-0.072557
0.185655
0.854475
-0.651336
0.144202
0.049233
0.777737
-0.769836
-0.005661
-0.317323
-0.644485
0.593457
-0.075907
-0.585989
-0.459603
0.296905
-0.269606
-0.272537
-0.368752
-0.597875
-0.119998
-0.770134
0.306347
-0.520946
0.064257
-0.492979
0.532458
-0.366130
-0.437746
-0.062509
0.022559
-0.023944
-0.564073
0.154200
0.631853
-0.109187
-0.746956
0.117532
-0.344537
-0.775841
0.506342
0.581194
0.038604
0.655955
0.552594
0.310502
0.626732
0.717915
-0.310810
0.284125
-0.388208
0.651665
0.592746
-0.332094
-0.324231
0.390024
0.861749
-0.225643
-0.592141
0.246904
-0.868238
-0.151794
0.276140
0.175513
-0.212949
0.564746
-0.257010
-0.756879
0.105988
-0.336686
-0.141014
0.219776
0.301185
0.129286
0.296439
-0.419810
0.788331
0.268739
-0.337682
-0.342501
-0.559326
-0.488616
0.007863
0.675558
0.448233
-0.002343
0.200408
-0.255475
0.534471
0.830336
0.590147
0.842894
-0.151675
0.418263
0.690627
-0.009285
-0.412194
-0.272243
-0.619128
-0.440417
-0.098100
-0.451732
0.072572
0.504816
0.397318
0.060745
0.003112
0.454751
0.491696
0.046595
0.267357
0.514398
0.232523
-0.171758
0.207617
0.392905
-0.515725
0.177535
-0.081089
0.120400
-0.117687
-0.633038
-0.283349
0.517778
0.126944
0.169632
0.700079
-0.030294
0.462551
0.126220
0.621920
-0.312165
0.419990
-0.789515
0.521234
-0.174568
0.785472
0.287980
0.546503
-0.525443
-0.684104
-0.175041
-0.348655
0.292671
-0.106804
-0.100100
0.451531
-0.177115
0.014019
0.826403
-0.231236
-0.096472
0.090198
0.613569
-0.242487
-0.650842
-0.486339
0.935627
0.590231
0.067758
-0.315378
0.135390
-0.254575
-0.178556
0.344390
-0.025243
0.303606
0.625994
-0.101173
-0.145836
-0.342036
0.512089
0.410332
-0.069088
-0.041918
0.311464
0.331017
-0.669349
-0.216594
-0.147060
0.471485
0.335976
-0.779283
0.500314
0.533809
0.770002
0.524517
0.470495
-0.160747
0.127075
0.274448
0.128628
-0.353646
0.125673
0.106274
-0.333525
0.068553
0.839971
0.249620
-0.466324
-0.394952
-0.019685
0.307891
-0.411334
-0.544133
0.739541
0.253344
-0.612314
0.116540
-0.200590
-0.085062
0.695977
0.059728
-0.255016
-0.042021
0.654566
0.480330
-0.616112
-0.167291
-0.139687
-0.177694
-0.122515
-0.163677
-0.547429
0.915350
-0.618024
0.118750
0.482955
-0.004434
-0.333316
-0.048158
0.029269
0.552374
0.864118
-0.416950
0.174493
0.215433
0.346924
0.198191
-0.616186
-0.358672
0.275352
-0.876333
-0.748334
0.221503
-0.269068
0.448783
0.803052
-0.458400
0.554072
0.709971
0.232407
-0.440701
0.537569
0.828561
0.434078
0.036081
-0.836792
-0.476351
-0.039865
0.540367
-0.594275
0.445389
0.907365
-0.082347
0.191090
-0.340874
0.468011
0.272453
-0.295015
-0.140900
0.739323
-0.414167
-0.499594
-0.183429
-0.820762
0.566170
0.521409
0.129137
0.475973
-0.443883
0.323729
0.707021
0.114297
0.089048
0.460390
-0.220831
-0.557315
0.385725
-0.308275
0.392152
0.244640
0.363690
-0.297457
0.323035
-0.425751
-0.395980
0.043353
0.572100
-0.763911
0.794743
-0.278454
-0.294985
0.467980
-0.666568
0.032427
-0.431013
0.586110
0.060769
0.698809
-0.564900
0.184231
-0.138056
-0.413704
0.947248
-0.880073
-0.519185
-0.360655
0.162511
0.105721
0.519552
-0.051265
0.727931
0.353550
-0.823253
0.469028
0.221606
0.620854
-0.001250
0.711927
0.170290
-0.129607
-0.260443
-0.516158
-0.206313
-0.170547
0.539268
-0.686815
-0.068824
0.646430
-0.040296
-0.417547
0.282034
0.724960
-0.065143
0.235763
-0.002423
-0.519792
0.248734
0.816450
-0.394107
-0.572355
0.005562
0.566208
0.325069
0.583501
0.211579
0.437203
0.266924
-0.049629
-0.475714
-0.216284
-0.443051
-0.179105
0.614584
0.425131
0.093862
-0.501641
0.124536
0.265119
-0.051406
-0.245401
-0.423869
-0.007358
-0.625216
-0.386277
0.266970
-0.056926
-0.405047
-0.103527
0.761141
-0.166541
-0.619432
-0.120429
0.120253
0.249424
-0.008230
0.648624
0.161352
0.016151
-0.842504
-0.135677
0.073035
-0.005102
-0.428159
-0.585164
-0.472410
0.352671
0.572589
0.302730
-0.027812
-0.030940
-0.417824
-0.352989
0.337607
0.601451
-0.501962
-0.491493
-0.013354
-0.797724
0.442644
-0.309549
0.274114
0.072651
-0.184338
0.406039
-0.507541
0.855033
-0.447825
0.107034
0.076815
0.286111
0.544077
0.384053
-0.744462
0.189578
-0.281903
0.039471
0.214172
-0.391742
0.646990
-0.460457
-0.519201
0.386042
0.225856
-0.107554
0.799283
0.083907
0.295477
0.197500
0.339905
0.852673
-0.453177
0.254610
0.062230
0.059749
0.359998
-0.380122
0.349305
0.691594
-0.222843
-0.355472
-0.066174
-0.278280
0.404167
-0.194142
0.201845
-0.023848
0.427214
0.338321
0.654268
-0.120283
0.826158
0.215334
0.627677
-0.490195
-0.499480
-0.295072
0.570156
0.364120
-0.317180
0.009199
0.770700
0.345234
0.006050
0.567109
-0.142245
0.388899
-0.031769
-0.415452
-0.365115
0.341249
0.585288
0.371688
-0.685487
-0.478253
-0.440077
0.447913
-0.375630
0.776086
0.308423
-0.181089
0.473823
0.091136
0.168288
-0.721447
0.525584
0.404730
-0.100579
0.222297
0.155456
0.746274
-0.767811
-0.508871
-0.234279
0.446692
0.731925
0.140884
-0.109266
-0.026368
-0.004641
0.113711
-0.190876
0.148450
-0.325243
0.490887
0.148730
0.012718
-0.009431
0.061599
-0.501554
-0.393410
-0.099539
-0.228477
0.617929
0.367416
0.644102
-0.025726
-0.788418
-0.477753
0.577056
0.267166
0.739560
-0.061088
0.807385
0.238734
0.048770
-0.639192
-0.159660
-0.062425
-0.125010
-0.150295
0.408714
-0.572527
0.658861
-0.024282
-0.001965
-0.864704
-0.113639
0.373310
-0.514743
-0.127063
0.811553
0.211031
0.261952
0.431084
0.138822
0.327035
-0.356689
-0.092932
0.312321
0.111979
0.291217
-0.092208
0.222250
0.088194
0.142513
0.910402
-0.313499
0.144957
0.423562
0.045456
0.447217
-0.549082
-0.068716
-0.664409
0.368780
-0.153757
0.006554
0.608760
0.395761
-0.632312
-0.106401
-0.388363
0.039411
-0.556931
0.674819
-0.116591
-0.593931
-0.630361
0.082398
0.711557
0.333306
0.309966
0.397334
-0.908376
0.789609
-0.517306
0.637747
0.709158
-0.097878
-0.586540
0.504827
0.211225
0.240055
-0.768978
0.293171
0.285987
0.368759
-0.322119
0.018336
0.247980
0.222173
0.113686
-0.396673
0.004492
-0.412021
0.601658
-0.555573
-0.007142
0.323427
0.646248
-0.733642
-0.002366
-0.148985
-0.264159
0.198298
0.093731
0.573962
-0.684703
0.185527
-0.079186
0.762186
-0.483927
0.129218
0.173363
0.453493
-0.591793
-0.326501
0.508252
0.497933
-0.756136
-0.173979
0.183724
-0.850369
-0.312718
-0.688938
-0.778958
0.045368
0.667763
0.869069
-0.027298
-0.179189
0.170262
0.838541
0.075411
-0.126017
0.269912
-0.294728
-0.711621
-0.248607
0.096996
-0.651788
0.832413
0.672023
-0.435200
0.286455
0.398529
0.337023
-0.384383
0.006736
0.071186
-0.673169
0.110574
0.640933
-0.046634
0.832293
-0.196637
0.394595
0.137218
0.363942
0.403194
-0.357307
0.498302
-0.149348
-0.006121
-0.405761
-0.610376
-0.695887
0.454874
-0.266101
0.076754
0.316264
0.103243
0.254476
-0.277669
0.329886
0.428676
-0.050648
0.369044
-0.443655
-0.454852
0.501743
0.121460
0.215184
0.182568
-0.531131
0.189255
0.662253
0.133274
0.439088
-0.824448
-0.559021
-0.019057
-0.746430
0.784801
0.372164
-0.332360
0.287577
-0.412793
0.441414
-0.774862
-0.816045
0.377773
0.235475
0.894120
0.564035
-0.343830
-0.868747
-0.050546
0.217674
-0.576971
-0.303292
-0.365694
0.295128
0.419929
-0.159130
0.184212
0.501271
-0.456327
0.229936
0.063745
-0.822837
-0.707417
0.170319
-0.508917
0.421608
0.377967
-0.515245
0.810795
-0.428265
0.265488
-0.043725
-0.308918
0.684617
0.008939
-0.750341
0.067408
0.147691
0.173544
-0.036973
0.005960
-0.074967
-0.436111
0.761934
0.250609
0.025225
-0.042219
0.333792
-0.420164
0.227609
-0.443357
-0.127874
-0.316988
0.171302
0.205455
-0.261420
0.441983
-0.916619
-0.750651
0.790770
-0.650757
0.350817
0.184487
0.384575
0.293587
0.701536
0.502438
0.699956
0.683596
-0.167706
0.615886
-0.680371
0.571717
-0.467127
0.605822
-0.454875
0.621603
0.779926
0.222272
-0.448669
-0.797621
0.037572
-0.227279
0.445860
-0.442557
0.224690
0.357611
-0.848768
0.154736
-0.031799
0.572646
0.277557
-0.571153
0.002583
0.236283
-0.048468
-0.207314
0.530798
-0.368553
0.192993
-0.611355
0.450299
0.491533
-0.431561
0.814121
0.318432
0.543687
-0.506223
-0.386432
0.144140
0.060207
-0.861295
0.468954
0.262267
0.397776
0.836424
0.275516
0.036441
0.375101
-0.030905
-0.060935
0.006653
0.515121
-0.560015
0.770095
0.194344
-0.247345
-0.031206
0.663449
-0.036654
-0.305421
0.740039
-0.197451
-0.140889
-0.156634
-0.530538
-0.158232
-0.042806
0.275352
-0.167018
0.378132
0.004722
-0.377026
0.005535
-0.272775
0.506669
0.334567
0.347144
-0.763999
-0.321277
0.396146
-0.761657
0.501175
-0.671024
0.024139
-0.575271
-0.168306
-0.671759
0.163950
0.323270
-0.551699
-0.100625
-0.207619
-0.906154
0.415311
0.280773
0.026780
-0.145411
0.646018
-0.086124
-0.685439
-0.551288
-0.155000
0.628717
0.646104
-0.036780
0.365081
-0.455929
0.153741
-0.823374
-0.258760
0.029049
0.542176
-0.238549
-0.392985
0.387085
0.195577
0.072715
0.263392
-0.499013
-0.306673
0.080371
-0.057595
-0.118139
-0.014933
-0.319454
0.185309
0.050808
-0.378922
-0.202949
-0.389836
-0.359840
0.104095
0.800478
0.004479
0.030187
-0.144407
-0.316182
-0.257685
-0.574524
0.289545
-0.258738
-0.871165
-0.638607
-0.172836
-0.519197
0.499052
0.256090
0.126967
0.414236
-0.641928
0.367219
0.163412
0.175926
0.065313
0.910994
0.584668
-0.239215
0.013853
-0.147523
-0.378436
-0.909222
0.054113
-0.571389
0.157714
-0.151262
-0.277688
-0.655202
-0.126365
-0.030419
-0.408965
0.244065
0.282546
0.306353
-0.025317
-0.053349
-0.357811
0.182262
-0.002013
-0.080042
-0.200267
-0.012074
0.640764
0.238221
-0.280404
0.425198
0.221597
-0.406946
-0.210950
-0.305516
-0.264330
0.032091
-0.178993
-0.619964
0.136005
0.501928
0.481393
0.488321
0.604228
-0.392212
0.588774
-0.762429
-0.644693
0.710096
-0.791870
-0.877519
-0.064704
-0.487153
0.088377
0.817363
-0.051611
0.160501
-0.600707
-0.216360
-0.024151
-0.368636
-0.947352
-0.303401
0.154000
0.741287
0.888161
0.555878
0.508085
0.321086
-0.092302
-0.410643
0.866158
0.225604
0.116608
0.294432
-0.289515
0.489502
0.772258
-0.078202
0.182885
0.684433
-0.387804
-0.257678
-0.343175
-0.167953
-0.934028
0.287726
0.209566
0.054033
-0.018737
0.216520
-0.777451
0.275505
0.287359
0.513555
-0.230562
-0.110318
0.381611
-0.507641
-0.144156
0.017741
-0.701776
-0.071236
0.487099
-0.324940
-0.167789
0.287419
-0.306770
-0.181810
0.571236
0.439815
0.817820
-0.388681
0.293884
-0.056656
-0.347169
0.372934
-0.167264
0.601839
-0.724597
0.731494
0.373289
-0.380446
-0.908419
0.207242
-0.030359
-0.826684
0.020234
-0.287977
0.064924
0.232458
-0.550586
0.314219
0.243975
-0.851473
-0.048693
0.077475
0.626490
0.629306
-0.418818
0.052914
-0.100227
-0.755974
-0.954271
-0.198427
-0.076379
0.677541
-0.208771
-0.810374
0.143611
-0.709572
-0.391236
-0.407970
0.873409
0.352497
-0.856611
-0.189973
0.825765
0.147602
-0.527673
0.114955
-0.251056
-0.395437
-0.685116
-0.481944
-0.608662
0.040266
0.011978
0.237698
0.417001
0.108252
0.657412
0.232509
0.002925
0.134533
0.416057
0.288177
0.697555
0.473944
-0.400937
-0.366242
-0.082409
0.301706
0.303106
-0.367795
-0.117313
0.106405
-0.030626
-0.458366
-0.627924
-0.144422
-0.691726
-0.134641
-0.295625
0.577220
-0.542905
-0.652234
-0.663398
-0.461688
-0.536557
0.538421
0.294315
0.308728
0.037992
-0.170786
-0.323974
0.102870
-0.147847
0.081706
-0.082860
-0.615616
-0.102372
0.100522
0.487877
-0.579198
0.329227
-0.308471
-0.881043
-0.523137
0.573855
-0.041875
-0.325450
-0.352038
-0.651177
0.322352
-0.658502
-0.164091
-0.076315
0.201098
-0.456962
-0.623525
0.496364
0.152512
-0.399563
0.448268
0.484092
0.464786
0.658528
0.367178
0.740399
0.091776
0.313589
-0.152287
0.331084
0.291947
-0.088004
0.803132
-0.648972
0.032893
0.359770
0.484471
-0.908038
0.216850
-0.002913
-0.364714
0.126233
-0.447538
0.120736
-0.045788
-0.559481
-0.725532
-0.529654
0.275101
-0.201561
0.757271
-0.523555
0.095128
0.627282
-0.195044
0.374929
0.613674
0.732798
0.004800
-0.284109
0.373130
-0.574587
0.364089
0.011633
0.276998
0.388743
-0.146092
-0.119813
-0.112163
0.246516
0.400643
-0.178136
0.656161
-0.042228
0.322544
0.088795
-0.014557
-0.039880
0.268209
0.002901
0.324490
-0.229188
-0.189188
0.024928
-0.390788
-0.009377
-0.469333
0.117524
0.044211
0.311890
-0.536401
-0.484392
-0.493837
0.561601
0.123192
0.264937
-0.831766
-0.390202
0.559627
-0.031431
-0.086987
-0.587680
0.427602
-0.246688
-0.426124
-0.096501
0.129670
-0.644782
0.773727
-0.431993
0.157558
0.391356
-0.120341
-0.951480
-0.416505
0.893725
0.403715
0.168549
0.438884
0.142267
-0.422944
-0.347401
0.708210
0.123074
-0.378762
0.023649
0.144908
0.159944
-0.097494
0.258689
-0.099998
0.633327
0.594896
0.008759
-0.559139
0.455790
0.389548
0.247525
0.071094
-0.314163
0.497674
0.513522
0.367287
-0.773638
-0.105809
-0.004260
0.032708
0.712236
0.558573
-0.031984
0.227089
-0.368306
0.756985
-0.347320
-0.579596
-0.044655
-0.385598
-0.148609
-0.491625
0.512323
0.143456
0.712065
-0.488911
0.411486
0.453648
0.547371
0.077912
-0.228915
-0.399946
0.421008
-0.224684
-0.364105
-0.076421
-0.170207
-0.678641
-0.571057
-0.055605
-0.322493
-0.374101
0.321358
0.050190
-0.640050
0.025126
0.763180
-0.419969
-0.502665
0.107463
0.561716
-0.586873
0.565883
-0.365991
-0.229296
0.374729
-0.285413
-0.566334
0.204775
0.598640
0.554137
0.102626
-0.283179
-0.163884
-0.933130
0.098236
-0.630049
0.558720
0.364078
-0.675012
0.615814
0.553655
0.306542
-0.191083
-0.045522
0.242636
-0.067890
-0.062025
0.390647
-0.771687
0.054784
0.103012
-0.081276
-0.352295
-0.572530
0.234609
-0.459155
0.781576
-0.671336
0.319497
0.242363
0.110295
-0.163373
-0.086122
0.644664
-0.292731
-0.415994
-0.106231
-0.062025
0.591100
-0.566320
-0.243220
0.343313
0.540214
-0.006856
-0.338765
0.354655
0.708598
0.360198
-0.177749
-0.585557
-0.683134
-0.608663
0.535588
-0.705507
0.017587
0.580368
-0.427047
0.236466
-0.790853
-0.059797
-0.436781
0.880669
-0.172680
-0.071370
-0.778783
0.272113
-0.327222
-0.517417
-0.391144
0.311601
-0.598329
-0.136684
0.244304
-0.020747
-0.584084
-0.276820
0.212084
0.216244
0.671819
0.113348
0.528042
-0.569509
-0.538953
-0.567401
-0.604280
0.683546
0.669884
0.320475
-0.200712
-0.517181
-0.758404
0.608548
0.196652
0.363355
0.481859
0.537738
0.336770
-0.540172
0.275116
-0.192171
0.252042
-0.848093
0.252286
-0.332393
-0.291882
0.663845
-0.536141
-0.876495
-0.083004
-0.550642
-0.697536
-0.534729
0.769452
0.751863
-0.144004
-0.922485
0.053441
-0.371323
-0.569062
-0.459107
-0.273882
-0.053224
0.924221
-0.574211
-0.205545
0.326717
0.319270
-0.305506
-0.202196
-0.355717
-0.191570
-0.113604
0.376613
-0.699688
0.241648
0.632433
0.062287
0.023212
-0.228568
0.016790
-0.037830
0.576841
-0.490259
0.623925
-0.152469
-0.530535
0.061098
-0.500010
-0.284997
-0.303526
0.530083
0.418256
0.159585
-0.716099
0.325448
-0.005089
-0.141672
0.522698
0.563783
-0.138093
0.641985
0.710826
0.770032
-0.391012
0.559694
-0.310320
-0.078159
0.134453
-0.796509
0.235019
0.049698
0.659662
0.455541
0.173369
0.191280
-0.020084
-0.329557
-0.265024
0.635695
0.029862
-0.274053
0.503951
0.039483
0.157767
0.177242
-0.562822
0.715053
0.420245
0.205659
-0.888413
-0.004070
-0.451400
0.670355
-0.507444
-0.010946
0.524010
0.554641
0.295901
-0.226707
0.905828
0.777764
0.146763
-0.035746
-0.345021
0.030248
-0.873726
-0.584510
-0.100920
0.104549
-0.063116
-0.223712
-0.406684
0.390624
0.127490
0.110911
0.014712
0.455813
-0.371698
0.126296
0.216535
0.560625
0.573274
0.238137
0.596970
-0.382877
-0.153379
0.554688
-0.869788
0.432237
0.096405
0.340989
-0.029464
0.678164
0.462440
0.191978
0.671336
0.125912
-0.055546
0.063765
0.607096
-0.132882
0.206160
-0.026989
-0.313348
0.158531
0.471072
-0.145738
-0.800517
0.240153
-0.141378
-0.647295
0.353426
-0.192274
0.057454
-0.390848
-0.325066
0.279928
0.326795
-0.372597
-0.549608
0.656631
-0.017534
0.091364
-0.509761
-0.038929
0.165814
-0.195191
0.427432
-0.254808
0.005540
-0.792466
-0.767417
0.270775
0.677399
0.637791
0.085952
-0.389015
-0.616538
0.353630
0.573135
0.262107
0.227590
-0.690527
0.709244
-0.372244
-0.426535
0.126844
-0.247401
0.182954
0.303153
-0.046435
0.077447
-0.550634
0.896188
0.264300
0.056050
0.322344
0.350614
-0.475653
-0.661948
0.047744
0.291534
0.000926
0.105309
0.756462
0.656503
-0.449748
0.152023
-0.115104
0.197909
0.553069
0.914228
0.026551
0.380449
-0.089342
0.419112
0.505099
-0.292534
-0.373503
0.707871
0.430971
-0.633381
0.752295
0.647617
0.167223
0.412364
-0.165381
-0.736546
-0.012690
0.748117
0.708275
-0.617238
0.319477
0.337725
-0.722589
-0.160297
0.948644
-0.206939
0.226252
0.022996
0.159084
-0.545745
0.379820
-0.473606
-0.071736
-0.833115
-0.014132
-0.481639
0.467197
0.130288
0.197593
-0.665708
-0.693383
-0.668699
-0.953366
-0.483945
-0.250439
0.513798
-0.750332
-0.632863
-0.690660
-0.195593
0.160831
0.631935
-0.542280
-0.144959
0.341894
0.002767
0.001676
0.667253
-0.075289
0.577913
-0.305103
0.596698
-0.850063
-0.629503
-0.354613
0.045190
-0.366194
0.273931
-0.544945
0.364098
0.032363
-0.120689
-0.742358
0.090663
0.132538
-0.167124
-0.017773
-0.010733
0.865244
-0.396909
0.464095
0.278304
-0.362732
-0.447502
-0.720554
0.029619
-0.056526
-0.394486
0.010159
-0.249562
-0.515025
0.223600
-0.020529
-0.344571
-0.077992
0.755265
-0.260342
0.597165
0.220888
0.075275
0.142429
0.411303
0.405583
0.368102
-0.611342
0.256079
0.061119
-0.383003
-0.423384
-0.202886
0.624853
0.006106
-0.500508
0.178667
-0.654198
0.235804
-0.146080
-0.489104
-0.424735
0.956314
0.797670
0.283016
-0.103778
-0.282786
-0.376505
-0.701911
0.305747
0.153003
-0.384202
0.287252
-0.774275
-0.408452
-0.637295
0.387577
0.190625
0.404766
-0.087439
-0.382231
0.533710
0.512200
-0.013881
0.339436
0.561666
0.359499
0.159338
-0.551211
-0.107269
-0.361859
0.147185
-0.539428
-0.876911
0.108051
0.421009
-0.448486
0.031671
0.766077
-0.389862
-0.211967
0.266527
0.120478
-0.230130
-0.596374
-0.117266
0.116848
0.599679
0.048139
-0.062824
0.501499
-0.063640
-0.412083
0.533083
0.543654
-0.307747
-0.230535
-0.572884
-0.205132
0.025851
-0.425726
-0.515373
0.628742
0.158942
0.611419
-0.634124
0.496169
-0.388844
0.250178
-0.591428
-0.369519
-0.121888
-0.311199
-0.028904
-0.556387
0.493734
0.444077
0.387767
-0.218389
0.089622
0.759772
0.466111
-0.484594
-0.365720
-0.454086
0.750233
-0.302596
0.269381
0.261731
0.242220
0.759059
-0.013795
0.207756
0.269495
0.395677
-0.298495
0.157593
0.971649
0.096842
0.860511
-0.014043
0.137738
0.697353
0.176765
-0.539967
-0.261783
-0.037523
0.729766
0.244893
-0.488956
-0.365446
0.569598
-0.754123
-0.090995
0.689884
0.536342
-0.737769
-0.177748
0.042440
-0.941296
0.050428
0.812419
-0.661031
0.093999
0.170155
-0.179561
0.208901
-0.657019
-0.389895
0.754426
-0.406721
-0.416501
-0.116896
0.634084
0.581403
-0.010725
-0.161617
0.643315
-0.395599
-0.200437
-0.406484
0.355778
-0.480997
0.688818
0.138589
0.610966
0.503038
-0.538445
-0.580907
0.240945
-0.301503
0.427858
-0.612647
0.601840
0.032652
-0.126087
0.433284
-0.394270
0.116989
0.186185
-0.260423
-0.069632
0.603988
-0.475069
0.315531
0.373032
0.581025
0.259124
0.021519
-0.569082
0.433955
0.300945
0.310490
-0.168370
-0.468378
-0.024531
-0.207693
0.549440
0.481947
0.654263
0.713534
0.574204
0.534016
0.060882
0.388151
-0.475568
-0.294227
-0.130201
0.630525
-0.102715
0.400757
0.175595
-0.139580
-0.023163
-0.857849
0.996628
-0.623455
-0.217610
0.233098
0.236330
-0.483579
-0.511726
-0.320630
-0.125875
-0.047230
0.005837
-0.304410
0.010190
-0.183442
0.656165
0.488752
0.029363
-0.047833
0.352861
-0.230476
-0.282641
-0.288841
-0.146953
0.389389
-0.375381
-0.108227
0.102943
-0.312999
0.823560
-0.340410
-0.316893
0.302576
0.571527
0.430874
0.387019
0.040541
0.550253
-0.004835
-0.379184
0.024110
-0.249131
-0.140279
0.315550
0.231774
-0.438316
-0.358318
0.340713
-0.147278
0.364456
-0.031790
-0.617208
-0.407242
-0.693837
0.016998
-0.135454
0.687309
0.140470
0.301236
-0.425976
0.483573
-0.044618
0.439262
-0.021369
0.408628
-0.340947
0.655598
0.123274
-0.097542
0.548577
-0.117041
-0.593412
-0.374751
-0.744754
-0.005179
0.550878
-0.299645
-0.038699
0.432472
-0.147790
0.063543
0.515738
-0.811570
0.451171
-0.449291
0.953121
-0.720679
-0.204154
0.468133
-0.018244
-0.470015
-0.403962
0.041778
-0.204151
-0.208656
-0.271574
-0.141365
-0.313767
0.575341
-0.031043
0.478618
-0.208815
-0.316030
0.190522
0.521730
-0.418427
-0.139623
-0.369529
0.284593
0.747358
0.474674
-0.326892
-0.369128
0.329277
0.796000
-0.296250
0.843139
-0.101452
-0.749513
-0.118952
-0.809984
0.340533
0.346682
-0.719467
-0.485700
-0.079522
-0.400471
-0.200308
-0.569293
-0.388355
0.719512
0.406366
-0.141871
-0.183142
0.571691
-0.663200
0.295030
0.327372
0.123804
0.104283
-0.279954
0.385224
-0.428359
-0.821493
0.367649
-0.039560
-0.262938
0.916827
-0.352414
0.310658
-0.482081
-0.624117
-0.160514
-0.254575
-0.866100
0.603354
0.649608
0.494385
-0.285413
-0.407993
-0.417968
0.049632
0.068449
0.275615
0.141005
-0.458924
-0.365555
-0.144764
-0.467857
-0.055956
-0.074934
-0.100704
0.278320
0.480483
-0.607975
0.304274
-0.219699
0.379958
-0.285204
-0.637032
-0.330733
0.326651
-0.174606
0.611013
0.721818
-0.115239
-0.008263
0.069787
-0.031697
-0.409017
-0.372369
-0.629408
0.399241
0.794335
0.568106
0.729728
0.207864
0.535525
0.134742
-0.675605
-0.355526
0.741746
-0.527350
0.703089
0.616295
0.416900
0.777187
-0.235169
0.345750
0.282473
0.127563
-0.743495
-0.033176
-0.383235
0.753459
0.746311
0.790871
0.624794
0.627630
0.743794
-0.161293
0.024471
0.496577
0.111661
-0.497955
0.193533
0.699209
0.362989
0.001427
-0.789804
0.276335
0.667789
-0.408161
0.868592
-0.504398
0.139341
0.683890
-0.365739
0.124892
-0.192424
-0.095595
0.222852
0.066521
0.070351
-0.113929
-0.401288
0.263017
0.163733
0.797794
-0.788545
0.431225
0.226895
0.521518
-0.393123
-0.349210
0.209034
0.000411
-0.114611
-0.163990
0.144244
0.673555
0.228919
-0.795386
-0.930629
-0.261003
0.839654
-0.382222
0.147115
-0.227788
-0.569946
0.091372
-0.083644
0.368589
-0.092276
0.466932
-0.461907
0.560536
-0.014122
-0.846797
0.030110
0.207220
-0.004310
-0.240659
0.856390
-0.141265
-0.371691
-0.118113
0.038440
0.321809
-0.019908
-0.060135
-0.017523
0.186261
-0.021375
-0.341398
-0.387413
0.053027
0.190717
0.731835
0.483717
0.581398
0.095981
0.305786
-0.453673
0.658530
-0.175607
0.295067
0.865421
0.223820
-0.358118
0.324733
-0.142929
-0.654978
0.052835
-0.241761
-0.031868
0.144647
0.024233
-0.056311
-0.174496
0.630705
-0.555515
0.008195
-0.601000
-0.269728
-0.379645
0.239692
-0.200043
-0.711584
0.049601
0.604756
0.238841
-0.333430
-0.207341
0.097748
0.207130
0.569271
0.587586
0.798546
0.375936
-0.450820
0.064425
0.398009
0.080634
-0.235592
-0.191200
0.526545
-0.428967
-0.379823
-0.573491
0.147789
0.232770
0.684843
0.529782
-0.018464
-0.029007
0.752913
0.226640
-0.067353
0.266881
-0.167909
-0.349349
-0.067666
0.295164
-0.537374
-0.289849
-0.385855
-0.919488
0.276204
0.389333
-0.419885
0.341374
0.105451
-0.391047
-0.210518
0.226658
-0.381619
0.185695
0.733449
-0.777093
0.169859
0.683583
-0.480938
-0.751891
0.580413
-0.241271
-0.360722
-0.900534
0.796865
-0.483629
0.650793
0.553430
-0.230228
-0.653962
-0.104567
-0.712243
0.261771
-0.489274
-0.549105
-0.271403
-0.087837
-0.547915
-0.302967
0.105263
-0.699172
-0.203862
0.508619
-0.002926
0.692244
0.604975
0.566024
0.426289
-0.322621
-0.160656
-0.312994
-0.129451
-0.710097
0.818831
-0.037788
0.773791
-0.009799
-0.330897
0.645742
-0.557429
0.605313
0.695174
-0.282665
-0.331069
0.678515
-0.704961
-0.114532
0.813853
0.266972
0.358255
-0.456236
-0.567605
-0.030946
0.572032
0.446790
-0.166297
-0.089910
0.340546
-0.423374
0.536801
-0.759257
0.697973
0.138184
-0.430888
0.123874
-0.150291
0.173870
-0.464421
-0.393901
0.310132
0.121046
-0.520980
-0.543724
-0.204287
0.494634
0.400037
0.543697
0.303256
-0.664562
0.205029
0.014073
0.484029
-0.809534
0.181178
0.544876
0.414986
0.199221
0.042829
0.530726
-0.142817
-0.448684
-0.751181
0.335107
0.334236
0.027378
0.648614
0.024646
-0.492569
0.347925
0.007262
-0.325561
-0.143874
0.412104
-0.388458
0.650733
-0.233876
-0.778506
-0.210111
-0.477799
-0.520087
0.537799
0.151110
0.505626
0.220950
0.030204
0.083372
-0.704453
0.712723
-0.283422
0.123173
-0.165408
-0.899869
-0.240474
-0.065866
0.109049
-0.267780
0.175917
0.317295
-0.528299
0.461180
-0.372687
0.584699
-0.298846
-0.192035
-0.082234
0.179036
-0.282548
0.058177
0.701492
0.578966
0.067290
-0.555835
0.537973
0.206942
-0.603480
0.247479
0.049429
-0.681370
0.156103
0.555830
0.800989
0.183069
-0.588132
0.728955
0.170027
-0.202665
0.002740
-0.586028
-0.487421
-0.418055
0.177187
0.112310
-0.596489
0.646073
0.399182
-0.128310
0.961039
0.416776
0.316702
0.401761
-0.381686
-0.243621
-0.508383
-0.047705
-0.580168
-0.881313
-0.483736
-0.476645
-0.511257
-0.633550
0.150573
-0.458269
0.249893
0.151096
0.623673
0.657091
-0.112821
-0.323010
0.349222
0.135649
0.960555
-0.115354
0.197703
0.203070
-0.392495
0.393115
-0.295642
0.238025
-0.383644
-0.291002
0.385699
0.021477
-0.346411
-0.365648
0.142661
0.405315
0.500567
0.401607
-0.067741
0.107999
-0.519058
-0.827958
-0.551090
0.300675
-0.451404
-0.834886
-0.120658
0.895200
-0.575007
-0.674047
-0.306285
-0.438951
0.143500
0.730822
-0.393101
0.655941
0.643027
0.226448
-0.322426
0.660684
-0.272496
-0.187039
-0.204931
0.207430
-0.424810
0.117088
0.256491
0.754219
-0.883403
-0.409297
-0.777123
0.495476
0.492680
0.226711
-0.270398
-0.646831
-0.011263
-0.055932
-0.344307
0.750434
0.645237
-0.208316
0.087656
0.008662
-0.724055
0.631041
-0.360775
-0.728400
-0.281332
-0.428382
0.002782
0.723811
-0.082811
0.375529
-0.536916
-0.625642
0.134737
0.097746
-0.409765
0.196705
0.152324
-0.236584
-0.334799
-0.940951
-0.082856
0.171432
0.672877
0.892787
-0.095253
-0.468648
-0.350700
0.201464
0.572769
0.490163
-0.182021
-0.189054
0.413176
-0.218299
0.126312
-0.337632
-0.060506
-0.358578
-0.218178
0.243878
-0.558593
-0.187280
0.433868
-0.527449
-0.241718
-0.212495
0.042941
-0.740087
-0.408438
0.082660
-0.351074
0.664715
0.299296
0.060855
-0.558769
-0.346632
0.090054
0.822274
-0.176941
0.444760
0.572109
-0.382465
0.138359
-0.574083
0.687606
-0.426906
-0.113653
-0.888116
0.265817
-0.361021
0.011427
0.516856
0.366341
0.462362
0.603333
0.704527
-0.751707
0.228996
-0.936884
0.338118
0.138172
0.031232
-0.457266
-0.564550
-0.121650
0.435183
0.065028
-0.169382
-0.184440
-0.589692
0.575222
-0.528490
-0.339203
-0.760619
0.392573
0.003583
-0.141563
-0.123510
-0.303232
-0.311010
-0.418210
-0.268022
0.370168
-0.867743
-0.259204
0.334154
0.006411
-0.222629
0.146551
-0.317547
0.062852
0.795823
0.272204
0.058463
-0.509105
0.535940
-0.399860
0.358103
0.051340
-0.121463
-0.183050
-0.583488
-0.284177
-0.074981
-0.126569
0.010089
-0.415455
0.710791
0.297819
-0.066175
-0.067625
-0.459978
-0.297281
-0.369766
0.339979
-0.614340
-0.618852
-0.298684
-0.835761
0.743818
0.395292
-0.509893
0.267542
-0.624667
0.781922
0.576504
0.786461
0.438757
0.285745
-0.679487
-0.466712
0.484913
-0.645407
-0.865641
0.432246
-0.197716
0.326982
0.723497
0.910596
0.067959
-0.067798
0.490657
0.200826
-0.517035
-0.423574
0.736604
0.595175
-0.817933
0.052732
0.192576
-0.364705
0.859236
0.590833
-0.364446
0.289250
-0.762418
-0.016531
0.280406
-0.879016
-0.229816
-0.398068
0.734201
0.414265
-0.496053
-0.130205
-0.791533
0.779269
0.752655
0.215274
-0.287997
0.183475
-0.023388
-0.421245
-0.247369
-0.009793
-0.211151
-0.202117
0.748845
0.654241
-0.123150
0.343136
-0.235714
-0.066111
-0.359632
-0.117105
-0.275087
-0.773416
-0.272249
0.136373
0.237882
0.134154
0.011802
-0.719114
0.537975
-0.082411
-0.414415
0.003260
-0.155461
0.772759
-0.200055
-0.514537
-0.873279
0.093546
-0.422590
-0.763581
0.447322
-0.869070
0.327719
0.814467
0.253189
0.207117
-0.693011
-0.199949
0.377623
0.793595
0.496499
-0.007349
-0.486181
-0.279415
-0.092921
0.125524
-0.341507
-0.138408
-0.199800
-0.613992
0.114928
0.124299
-0.696437
-0.560888
-0.948294
0.712217
-0.653198
0.098720
-0.298692
0.199599
0.033276
0.217461
-0.227457
-0.395105
0.869994
0.880433
-0.264235
0.073298
-0.348496
-0.550183
0.323477
-0.126914
-0.220535
-0.937127
-0.480824
0.096818
0.458475
0.866408
-0.221316
0.404426
0.903524
-0.663170
-0.504623
0.232738
-0.384141
-0.403709
0.785517
0.046535
0.128791
-0.570200
0.340805
-0.061908
-0.671156
-0.213654
-0.166434
0.152460
0.696884
-0.719422
-0.092857
0.062186
0.030966
-0.162784
0.330345
-0.404853
0.679285
-0.333180
-0.230999
0.533497
0.254232
0.119651
-0.891383
-0.420761
-0.048106
0.718297
0.506687
0.484966
0.319125
-0.368216
-0.572199
-0.482933
0.182555
-0.677194
-0.472844
0.043804
0.289172
-0.448236
0.942870
-0.674770
-0.317014
-0.285356
0.231828
-0.372025
0.464483
-0.205840
-0.725127
0.030716
-0.406387
0.605977
0.095946
0.421087
-0.377465
-0.650837
-0.226758
0.645983
0.712818
-0.053791
-0.342086
0.164747
0.215838
-0.452232
-0.087507
0.370866
-0.580283
-0.734885
-0.441052
-0.034110
-0.762866
-0.374019
-0.308350
-0.172949
0.498655
-0.236408
-0.801429
-0.199131
-0.457352
0.075945
-0.135659
0.071503
-0.047905
-0.206821
0.414132
-0.514099
0.913500
0.218304
0.176410
-0.085076
-0.031918
0.119003
-0.704109
0.422413
-0.850227
0.497150
0.360579
0.068329
0.362138
-0.342180
0.316983
-0.010455
-0.621962
0.267195
0.429415
-0.399717
0.193706
-0.597256
0.392991
0.778601
0.186090
0.779553
-0.931616
-0.413700
-0.263253
0.496624
-0.625105
-0.176380
0.234006
0.025764
-0.214055
-0.575405
-0.203359
0.326406
0.295593
0.410896
0.392370
-0.116869
-0.645784
0.370433
-0.142573
-0.787163
0.839901
0.425310
-0.284728
-0.330688
0.208923
-0.649134
0.740173
-0.598763
0.345635
-0.238427
0.046983
0.041449
-0.497586
0.302164
-0.232091
-0.507070
-0.830348
-0.111877
0.537511
0.117782
0.868120
-0.461110
-0.280170
-0.152298
0.067002
0.853538
-0.622221
-0.081413
-0.783284
-0.535097
-0.652250
0.555230
-0.513406
-0.487056
-0.606426
-0.116103
0.385428
0.255087
0.058835
-0.141145
-0.526399
-0.244371
-0.350934
0.246957
0.049830
-0.112198
0.870499
0.020237
0.754837
0.150594
-0.429002
0.153707
-0.245597
-0.134207
0.349002
0.795317
0.531512
-0.076116
0.222453
0.007768
0.188481
0.256421
-0.198774
0.220397
-0.572638
0.255575
0.196886
-0.120906
0.681237
-0.387464
-0.756120
0.161520
0.118730
-0.030897
0.246586
-0.535504
0.155103
-0.555038
-0.335561
0.699342
-0.527476
0.216843
-0.680563
0.116359
0.335683
0.531166
-0.159560
0.108357
0.379641
-0.856398
0.753612
-0.139449
-0.101751
0.113599
0.374914
0.629619
0.311122
0.576495
-0.064087
0.114410
-0.851357
-0.769160
0.463573
0.466653
0.678810
-0.269757
-0.118595
-0.376561
0.180098
0.230307
-0.113108
-0.325481
-0.139166
-0.760398
-0.438025
0.080897
0.103341
0.037439
0.331660
-0.276546
-0.496504
0.817717
0.660963
0.189899
0.812778
0.598350
-0.374694
-0.251003
0.264191
0.033539
-0.462164
0.102566
0.381539
-0.383440
0.525285
0.240978
0.293022
0.250336
-0.716456
-0.630389
-0.499769
-0.456734
0.244574
-0.031752
0.237875
0.797974
0.027485
-0.926066
-0.283734
-0.181767
-0.345003
-0.572212
-0.012205
0.217885
0.668884
-0.641165
-0.517473
-0.319128
0.812908
0.544788
-0.347587
-0.880497
0.552185
0.105868
0.018774
-0.603593
0.165118
-0.252210
0.314385
-0.013764
-0.388382
0.205276
0.165120
-0.292457
-0.147582
0.495737
0.195312
-0.509855
0.343028
0.720339
0.361176
-0.081062
0.156509
-0.451838
-0.114863
0.285010
-0.338658
-0.617418
-0.014475
0.129345
0.210187
-0.317493
0.237307
-0.640067
0.262834
-0.425962
0.125881
0.063521
-0.780986
0.563802
-0.370156
0.272761
0.175691
0.113062
0.114491
0.387876
0.353956
-0.064919
0.360266
0.020681
-0.662814
-0.517956
-0.057152
0.263389
0.462709
0.082435
-0.503874
-0.209711
0.598265
0.859577
-0.099657
0.139893
0.244496
-0.538774
-0.581675
-0.799650
0.570389
0.485576
0.526478
-0.320308
-0.118504
0.673617
-0.341046
0.407124
0.148854
0.171149
0.301728
0.019486
0.110897
-0.664174
0.022731
-0.302129
-0.811784
-0.411189
-0.132912
0.278714
0.589129
-0.704324
0.092631
0.520350
0.214924
0.428611
0.044059
0.006152
-0.401050
-0.196269
0.234374
-0.504070
0.375992
0.562225
0.261136
-0.107487
-0.125018
-0.204585
0.606931
-0.302011
0.434697
0.494045
0.099622
0.595869
0.333898
-0.935958
-0.144522
-0.424853
-0.202901
-0.787152
0.633299
-0.866716
-0.784202
-0.002352
0.199188
-0.265650
-0.389491
0.106711
0.851873
0.001406
0.090879
0.407660
0.823905
0.175698
-0.263484
0.324053
-0.081173
-0.686374
0.091580
-0.181179
-0.433850
0.479943
-0.720992
-0.606585
0.807755
0.464951
-0.695135
0.542870
-0.335594
-0.214212
0.821013
0.331306
0.802941
0.748833
-0.419505
0.719655
-0.274055
-0.587636
-0.630033
-0.049500
-0.421382
0.089098
0.185749
-0.547224
-0.010173
0.074211
-0.241735
-0.494673
0.913181
0.660351
0.712447
-0.698479
-0.418350
0.070340
-0.175208
-0.438667
-0.312551
0.049773
-0.574073
0.474200
-0.783272
0.379239
0.472832
0.174043
0.196488
0.354958
0.814856
-0.851754
0.197127
-0.338022
-0.263074
0.111932
0.635764
-0.149960
0.743122
0.662489
0.144968
0.195120
-0.422040
-0.268608
-0.148216
-0.486062
-0.286146
-0.562678
0.392839
-0.205456
0.761151
-0.017586
-0.026507
-0.577576
0.894305
-0.370057
0.738816
-0.212195
0.205194
-0.236051
-0.141051
0.435969
-0.096420
-0.423068
-0.107122
-0.204797
0.290421
-0.401981
-0.002924
0.342989
-0.597458
-0.041084
0.054184
-0.101904
0.563554
0.059071
0.559776
-0.506652
0.023685
0.320345
-0.718053
-0.008892
-0.140293
0.465577
-0.589866
-0.648545
-0.299492
-0.133719
-0.095623
-0.991296
-0.184048
0.599281
-0.089313
0.747476
0.022397
0.041177
-0.492782
0.218052
-0.574191
-0.524282
-0.060597
-0.253722
-0.396003
-0.890631
-0.718516
0.445820
0.179819
-0.057284
-0.789167
0.259360
-0.342345
-0.002779
0.554965
-0.056134
0.559536
-0.721682
-0.202390
0.009565
-0.232761
-0.624436
0.674564
0.364785
0.213345
0.264251
-0.323787
-0.682835
0.692505
0.255320
0.050354
-0.095751
-0.436469
-0.554932
-0.185923
0.013920
0.081164
0.796031
-0.751022
0.123962
-0.262219
0.332313
-0.345064
-0.609969
0.632815
0.279522
0.380670
0.042383
0.120234
0.373167
-0.182657
0.146873
-0.165154
0.719820
-0.882755
0.675510
0.181801
0.636109
0.612849
-0.058918
-0.036152
-0.155592
-0.327661
0.245499
0.210854
0.372246
-0.612743
0.476886
0.392763
-0.109820
0.306071
0.166872
0.291097
0.109782
0.475960
0.328280
0.537417
-0.356097
0.580931
-0.288225
0.325015
-0.623577
-0.328035
0.186500
-0.251222
0.478167
0.578089
-0.188147
-0.480043
0.389926
-0.199927
-0.522563
-0.034176
0.557538
0.123021
-0.297231
0.259540
-0.594265
-0.806167
0.260585
-0.100620
-0.328742
0.910588
-0.452213
-0.483942
0.130578
0.130850
-0.887088
0.085385
-0.696306
0.569661
-0.116704
0.396841
0.123768
-0.959232
0.599944
0.681393
-0.019830
-0.445740
0.247066
0.467320
0.820959
0.655260
0.084605
-0.518719
0.545142
-0.219625
0.726625
0.174644
0.224039
0.240617
-0.780668
-0.179799
0.509072
-0.463717
0.077483
-0.615300
-0.239141
0.312668
-0.509543
-0.236262
0.757079
0.638389
0.297073
-0.483284
-0.840800
0.481157
-0.076690
0.597108
-0.017806
-0.354932
-0.569450
0.760989
0.691496
-0.500408
0.498309
0.390791
-0.253680
0.080570
-0.281821
0.403774
0.548530
-0.305335
-0.652622
0.248148
0.232959
0.429561
-0.004157
0.490806
0.087511
0.128273
-0.104190
-0.303121
0.047893
-0.870077
0.077098
0.543904
0.385595
-0.164578
0.454311
-0.202670
-0.187769
0.347528
-0.071563
-0.032471
-0.151109
0.219826
-0.293701
-0.173129
0.929457
0.244245
-0.115238
-0.290192
0.401740
-0.028815
0.555460
0.293740
0.472791
0.378469
-0.009262
0.101195
0.538580
0.462551
0.728292
0.013663
-0.498629
0.016372
0.684640
-0.400457
0.314443
0.132662
0.148493
0.072243
-0.236347
-0.409860
0.017328
0.171065
-0.348700
-0.439457
-0.591400
0.295138
0.644755
-0.409496
0.510946
0.346966
0.036011
-0.649965
-0.891437
-0.165416
0.357764
0.608930
-0.762221
0.843319
-0.851865
-0.171087
-0.305211
0.719091
-0.890919
0.122672
-0.471321
0.409742
0.823171
-0.407799
0.802575
0.792625
-0.412706
0.260750
0.075285
0.281695
-0.247475
0.855037
0.056081
0.480086
-0.057259
0.660413
0.346976
-0.550074
0.320810
0.329534
0.353081
-0.711023
0.092842
0.052952
0.032817
0.027606
-0.187977
-0.032386
0.529572
-0.548174
-0.336695
0.685262
0.074143
-0.050116
-0.411993
0.200560
0.445340
0.479691
-0.444974
-0.328421
-0.264073
-0.013562
-0.829834
-0.139892
-0.061661
-0.073189
-0.143254
0.415157
0.116754
0.728210
-0.422888
-0.288000
0.751731
0.189453
-0.013044
-0.361521
0.108262
-0.028869
-0.495699
0.048852
0.093671
0.813444
0.496208
0.169262
0.489024
-0.219544
0.610800
0.078671
0.606366
0.412540
0.234074
-0.005921
0.514686
-0.705938
-0.034935
0.502636
0.588753
-0.735833
-0.229193
-0.403703
-0.018438
0.672300
-0.766193
-0.548359
-0.487999
0.101847
-0.181054
0.539584
0.245267
0.230360
-0.671900
-0.296980
-0.215505
0.441375
0.509760
0.414448
-0.042172
0.251822
-0.503599
0.276794
0.770657
0.263933
-0.625555
-0.069031
0.142930
-0.479721
-0.187683
0.605548
-0.589687
0.096048
-0.229478
-0.279367
0.519610
0.690947
-0.222225
-0.673404
-0.791687
0.389224
0.483068
-0.595877
-0.313660
0.301235
0.581534
0.914854
0.043170
-0.700218
-0.337287
0.526670
-0.338103
-0.654090
-0.519531
0.245986
-0.018231
0.777888
-0.308427
-0.356156
0.317420
-0.541201
0.161408
-0.688054
-0.295149
-0.571249
0.496670
-0.655631
0.689492
0.311415
0.337284
-0.072947
0.682539
0.294897
0.364035
0.587869
-0.660428
-0.256530
0.323982
0.514210
-0.717684
0.138831
-0.219089
0.547647
0.263487
0.592627
-0.214255
-0.123337
-0.104300
0.611215
0.312902
-0.359715
0.311037
-0.079666
0.833598
-0.190396
0.287941
0.543317
0.414068
0.244259
0.215710
0.397296
-0.036584
-0.601600
-0.033574
0.180528
0.200497
0.599245
0.008217
0.267069
0.361894
0.124668
-0.702165
0.020687
-0.462795
0.311759
0.075816
-0.438998
-0.050059
0.036688
-0.395190
0.150930
-0.380918
0.270740
0.457909
-0.241667
-0.685447
0.057393
-0.576674
0.543976
0.732199
-0.506195
-0.442261
0.881438
-0.149176
-0.805614
-0.590769
-0.392193
-0.793843
0.083497
-0.295660
0.066335
0.049687
-0.082618
-0.358043
-0.089860
0.398495
0.610656
0.036150
-0.382386
0.012121
0.608278
0.388666
-0.437697
-0.088108
0.399072
0.565055
0.044963
-0.181909
0.381409
0.392150
-0.726021
-0.653124
0.459383
-0.339207
-0.130578
0.104929
-0.291742
-0.489497
0.112488
-0.647203
0.219902
0.119932
-0.527232
-0.293513
0.362164
0.222497
-0.005546
0.292095
-0.413084
0.248462
-0.508280
0.505828
0.408467
-0.771022
0.663183
0.473793
0.233331
-0.013390
-0.270959
-0.197214
0.352744
0.438178
0.103673
-0.837249
-0.446156
-0.099465
0.041882
-0.004292
0.009250
-0.069772
0.646977
-0.030046
0.749476
0.363248
-0.202605
0.519280
0.557007
0.631594
-0.962386
-0.004359
-0.299970
0.274102
0.477414
0.354975
0.334155
-0.192169
0.354754
0.481172
-0.758407
-0.174805
-0.450645
-0.202359
0.475987
0.319046
0.241038
0.204277
-0.066246
-0.028179
0.012582
0.685677
-0.093433
0.118154
0.205708
-0.048320
-0.432739
-0.412596
-0.564977
0.466452
0.266130
0.917250
-0.294731
0.185858
-0.124483
-0.414926
0.147106
-0.284330
-0.171431
0.038066
0.373824
-0.189250
-0.172798
-0.733717
-0.521239
0.088155
-0.602596
0.279923
-0.184511
-0.433782
0.456415
-0.457695
-0.485035
0.093564
-0.191563
-0.439245
0.312011
-0.058477
-0.040796
0.026633
0.302609
-0.002134
0.511207
-0.175937
0.003069
-0.340235
0.011398
0.092244
-0.918002
-0.694427
0.051417
-0.428627
0.061840
-0.352830
-0.405195
-0.706416
0.632712
0.243970
0.031850
0.062379
0.170461
-0.110020
0.304681
-0.685809
-0.325079
0.782769
-0.494179
0.796861
-0.112850
0.556655
0.210202
-0.030190
-0.459274
-0.362819
0.593538
0.891122
0.183651
-0.495262
0.243627
0.394760
0.246334
0.284150
0.125954
0.584814
-0.154509
-0.019775
0.178808
0.615376
-0.117759
0.080039
-0.460218
-0.569664
-0.582848
-0.341780
-0.668959
-0.445159
0.391796
0.621336
0.466742
0.876982
0.334784
-0.843622
0.072852
-0.586462
-0.053885
0.545599
0.293616
0.508206
0.292432
0.626909
0.025964
0.518342
0.810966
-0.516560
-0.739094
0.882996
-0.007346
-0.204541
0.747201
0.257433
-0.176798
-0.521147
-0.331587
0.713231
-0.149613
0.312751
-0.274174
0.405846
0.364179
0.592706
0.219769
-0.125672
-0.161400
-0.293380
-0.423629
0.014508
-0.384274
-0.636157
0.327482
-0.078301
0.636575
-0.762989
-0.283083
-0.248293
0.254139
0.474429
0.183846
0.135551
-0.460540
-0.505487
0.563135
-0.145653
-0.210350
-0.167213
-0.686511
0.147072
-0.551732
-0.308146
-0.458187
-0.337098
0.466604
0.610203
0.332285
0.403571
0.496541
0.518593
-0.785470
0.260144
0.305644
0.385012
-0.618220
-0.308776
0.716772
-0.261876
0.432949
0.385577
-0.139547
-0.361376
-0.519705
0.517409
0.456587
0.947325
-0.853760
0.431752
0.636140
-0.276800
0.632514
0.354966
-0.808016
0.179303
-0.270670
0.096950
-0.204530
-0.930454
-0.133973
0.703473
0.481880
0.329002
-0.196888
0.390176
-0.111202
-0.318426
-0.221877
0.808904
-0.406891
0.385583
-0.651666
0.197519
-0.432436
0.216784
0.097385
-0.777897
-0.182338
0.096674
0.400118
-0.886431
-0.696947
0.968941
0.912771
0.040509
0.862328
-0.562034
0.523567
0.318953
-0.458699
-0.165566
0.653687
0.211246
0.288507
-0.440500
-0.264239
-0.349199
-0.244872
-0.403983
-0.819210
-0.416473
-0.303886
0.052675
0.268344
0.439878
-0.265983
0.895407
-0.245968
-0.048185
-0.790936
0.465178
-0.171099
0.651148
-0.586420
0.080487
0.605837
-0.305578
0.067320
0.591518
-0.048110
-0.328556
0.087763
0.452251
0.089692
-0.449642
-0.211609
0.286621
0.776385
0.275433
0.236476
0.451864
-0.259389
-0.322595
0.206925
-0.226022
-0.317856
0.263360
0.294753
-0.480525
-0.670389
-0.495003
-0.085698
-0.151268
0.027736
-0.296197
-0.074270
0.236252
-0.124177
0.216928
-0.052727
-0.579457
-0.678719
-0.484875
0.638957
-0.132291
-0.280189
0.176399
-0.257113
0.396814
-0.872275
0.279942
-0.000568
-0.446366
-0.149723
0.439485
-0.831628
0.028346
0.282443
-0.009698
0.082183
0.445735
-0.679137
0.315249
-0.288810
-0.125233
-0.048852
-0.089721
-0.604319
-0.596682
0.495141
0.795079
0.027201
0.541969
0.019874
-0.431065
0.429883
0.384980
-0.446589
0.440250
0.048285
0.364917
-0.551453
0.553123
0.510025
0.801197
0.270664
-0.194848
0.479613
-0.732926
0.801413
-0.191784
0.212361
-0.302656
-0.271130
-0.224486
0.330090
0.009607
-0.277800
-0.636746
-0.360817
-0.344930
-0.449398
-0.027428
-0.889830
-0.367738
-0.735290
0.555480
-0.502466
0.002998
0.082357
0.348897
0.908554
0.304958
0.286396
-0.130377
-0.643796
-0.806853
0.121169
0.477513
0.598585
-0.610592
0.261819
0.005796
-0.484535
0.300171
0.298696
0.027190
0.325002
-0.557583
0.408729
-0.545215
-0.229118
-0.487953
-0.958153
-0.242064
0.395491
-0.231665
0.319702
0.440670
-0.322893
0.655029
0.570389
0.260989
-0.412940
-0.101144
-0.754067
0.310317
-0.619714
-0.576193
0.553660
0.134849
0.398598
-0.067485
0.227542
0.123909
0.514047
0.313046
0.313763
-0.001907
-0.134642
0.627210
0.111155
-0.536464
-0.351040
-0.001008
-0.026463
0.284775
0.357413
0.112616
-0.861001
-0.235672
0.364863
0.079167
0.144263
0.326653
0.433031
-0.084409
0.010441
0.308029
-0.485080
-0.022514
0.103048
0.672813
-0.379387
-0.261184
0.255279
0.151354
-0.209991
-0.098664
-0.123353
-0.665327
-0.355065
-0.053306
-0.008831
0.528961
0.665998
-0.055657
-0.530771
-0.071851
-0.650531
-0.160700
0.318870
0.098170
-0.103577
-0.374114
-0.826514
0.439450
-0.150863
-0.364298
0.077425
-0.529109
0.338733
0.277328
0.273547
-0.206675
0.931399
0.278291
0.226653
-0.193985
-0.175153
-0.074808
0.708723
-0.390158
-0.290935
-0.419862
0.047636
0.060441
0.339790
-0.049730
-0.235107
-0.637536
0.084691
0.133825
-0.421237
-0.060675
0.572343
0.354443
0.729200
-0.529761
0.366824
0.328369
-0.337060
0.031878
-0.832354
-0.299138
-0.541794
-0.433083
-0.295683
0.455090
0.431989
0.469383
-0.723449
-0.223503
-0.002093
0.245108
-0.594265
-0.141694
0.743169
0.351369
-0.509222
-0.748252
0.191519
-0.281039
0.722079
-0.451634
0.621627
0.445361
-0.243556
-0.042451
-0.729952
0.212918
0.568301
-0.527745
0.568599
0.193672
0.063705
-0.123678
-0.550121
0.238409
-0.565032
-0.193071
0.669169
0.460034
-0.445759
-0.009663
0.335310
0.338813
-0.219732
0.888301
-0.046721
0.746839
-0.068510
-0.581960
-0.784935
0.134710
-0.474932
0.277870
-0.379759
0.023747
0.291392
-0.336327
0.012048
0.403400
-0.190276
-0.345583
0.110310
0.385699
0.919383
-0.174056
-0.737832
-0.522211
0.763445
-0.435910
-0.093727
0.302129
-0.170051
-0.235434
-0.163498
-0.571117
0.296155
0.233141
-0.351090
0.400772
0.547556
-0.552391
0.606340
-0.734675
-0.121129
0.441904
0.602301
-0.180056
-0.605957
0.444948
-0.137530
-0.017442
-0.389650
0.370235
-0.926814
0.165314
-0.598989
0.378838
-0.767564
-0.196118
0.256809
-0.791296
-0.510132
0.265834
0.516947
0.273571
-0.541263
0.142493
-0.509108
0.167857
0.365090
-0.044355
0.585547
0.289184
-0.646819
-0.544199
-0.150742
-0.072461
0.023511
-0.314609
0.544894
0.055920
0.279859
-0.356247
-0.319626
-0.763491
-0.617591
-0.621996
-0.803187
-0.038465
0.410300
0.127286
-0.076621
0.131147
0.663336
-0.197408
-0.054117
-0.611094
-0.329519
-0.252694
0.223843
0.015747
-0.319624
0.204392
0.410395
-0.600637
-0.275231
-0.469223
0.360796
-0.751314
-0.198024
0.286199
0.311055
0.386120
0.607165
-0.326778
0.600906
0.163409
0.167898
0.107421
0.281490
0.292955
-0.155407
0.007992
0.640767
-0.346209
0.019634
-0.560453
-0.694651
-0.749252
0.365448
-0.573805
0.124655
0.380336
-0.756784
0.045370
0.459394
0.130507
-0.708563
0.276684
-0.492933
0.740348
0.874327
-0.229980
-0.726077
-0.288229
-0.858546
-0.019166
0.234700
-0.477674
-0.212952
0.056217
0.196496
0.271074
0.100629
0.235398
-0.191987
0.726350
-0.799373
-0.200614
0.095878
0.394403
0.129008
0.032690
-0.794477
-0.284421
-0.076443
0.771580
0.183338
0.156701
0.416951
-0.764403
-0.500781
-0.450531
-0.087410
-0.510559
0.146996
0.268065
0.505692
-0.793944
0.519658
0.010346
-0.513227
0.409031
-0.139686
0.957843
0.907968
-0.750065
-0.010015
0.173732
0.328581
-0.211775
-0.497961
0.230687
0.250062
-0.149672
0.523446
-0.248016
0.626448
-0.080698
0.341148
-0.097868
0.311783
0.486557
-0.329130
0.472780
-0.140722
0.214202
0.413818
0.148388
0.640324
-0.069136
0.176394
0.115391
-0.686846
0.020183
-0.789468
-0.162393
-0.131008
0.224035
0.064541
-0.067580
0.926426
0.243581
-0.244454
-0.535388
0.023318
-0.003721
0.091269
-0.889801
0.406866
-0.186062
-0.285416
-0.902853
0.776028
0.588941
0.125061
-0.873439
0.204923
-0.756421
-0.457043
-0.641539
-0.307896
-0.240229
0.567930
0.024971
-0.015691
0.531144
0.404883
-0.221793
-0.280449
0.539764
0.635936
-0.250707
0.540569
0.537841
-0.190593
-0.191261
0.278010
-0.003005
-0.375118
0.277274
0.183129
-0.586247
0.110252
0.023678
-0.622635
-0.292958
-0.211767
-0.562773
-0.020662
0.514680
0.564757
-0.257322
-0.247564
0.233995
-0.801562
-0.543849
0.127130
-0.888153
0.479641
-0.505680
0.136250
0.053216
-0.385990
0.084235
0.089611
-0.478118
-0.496053
-0.132550
-0.797397
0.157753
-0.163684
0.063364
0.561409
0.435862
-0.476855
0.332331
0.555676
-0.425572
0.981788
-0.472233
-0.279351
0.455472
-0.371042
-0.611135
-0.701082
0.125075
0.682795
-0.784482
0.623736
0.347853
-0.032836
-0.482342
-0.543615
-0.153923
0.587059
-0.471400
-0.264323
-0.143705
-0.083744
-0.005493
-0.518196
0.409418
-0.084576
-0.294544
0.267990
0.228727
-0.074298
0.745232
0.562582
-0.165449
0.398530
0.054802
0.877981
0.517233
0.476462
0.741073
-0.116292
-0.455570
0.457330
0.743076
-0.475534
-0.086875
0.202737
-0.107112
0.029769
-0.217985
-0.306358
0.790513
0.021436
-0.479041
-0.115021
-0.620690
0.106312
0.713764
0.383016
0.180912
0.626475
-0.374661
0.840870
0.172484
0.503598
0.064802
0.038996
-0.756738
-0.100363
0.171443
0.844862
0.246002
0.284945
-0.192504
0.262609
0.266400
0.067139
-0.111931
-0.065791
-0.297308
0.583234
0.512424
-0.006051
0.077560
0.559558
0.143616
-0.544289
-0.720606
-0.691419
-0.334602
-0.700108
-0.332620
-0.291069
0.022425
-0.190613
-0.510056
0.221926
0.533450
-0.791045
-0.593899
-0.032708
-0.097919
0.395260
-0.208048
0.364629
0.426414
0.100162
0.708936
0.202883
0.391743
0.370130
0.628511
-0.259628
-0.286372
0.744114
0.185025
0.189098
-0.318471
0.474797
-0.266707
-0.308040
0.455005
0.179016
-0.561956
-0.486918
-0.080487
0.341420
-0.353870
0.324689
0.589435
0.249362
0.322121
0.070128
-0.090609
-0.471214
0.315015
0.214395
0.434713
0.052670
-0.192304
0.157022
-0.051580
-0.653014
-0.940387
-0.411704
0.172906
-0.588257
0.257177
0.087143
0.074202
-0.096123
0.319668
-0.302337
-0.459873
0.524826
-0.033077
0.301065
0.237552
0.190358
0.504169
0.439250
-0.457395
0.315968
0.357471
0.533075
0.233418
-0.027892
-0.588461
-0.300312
0.668307
-0.078612
-0.679641
0.714226
-0.472186
-0.361138
0.585311
-0.740574
-0.391606
0.460327
0.275868
0.752753
0.332980
-0.199332
0.508404
-0.096166
-0.032964
0.387721
0.236145
-0.474440
-0.621954
-0.477428
0.497330
-0.335088
-0.433572
0.077351
-0.162412
0.041286
0.626572
0.871084
0.268637
0.404063
-0.378161
0.642561
0.488217
0.380385
0.676291
0.718844
0.109365
0.471954
-0.619211
-0.450725
-0.416714
0.412580
0.278793
-0.319560
0.498296
0.218547
0.640408
0.034245
-0.739437
0.020635
0.215828
0.382339
0.843327
0.551164
-0.099101
-0.210273
0.303464
0.325439
0.619845
0.174108
0.300819
-0.674502
-0.050765
-0.209197
0.698340
0.297882
-0.440124
0.046195
-0.633283
0.355192
0.613264
0.320798
0.150281
-0.235929
0.468792
-0.025507
0.185541
0.281523
0.039393
0.647290
0.065106
-0.091503
-0.449057
0.687745
0.710009
-0.155284
-0.127265
-0.478926
-0.233481
-0.792090
-0.100705
0.531512
0.512426
-0.353880
-0.795677
-0.649039
-0.711057
0.328434
0.428432
-0.030774
-0.361300
0.123693
-0.062030
0.302541
0.801357
-0.318981
-0.542594
0.331273
-0.510973
0.071059
0.716285
-0.227731
0.227930
0.594518
0.813635
-0.334580
0.221596
0.817485
0.592905
-0.053664
0.379212
0.590912
-0.363559
-0.415187
-0.297571
0.336544
-0.273302
0.020397
-0.268659
0.671247
0.006413
0.358875
0.018561
0.132345
-0.197523
0.308951
0.739754
0.436792
0.335307
-0.447428
0.575907
0.099567
-0.327895
0.343878
0.045237
0.313317
0.193106
-0.042686
0.202004
0.281729
0.241965
-0.349158
0.460979
-0.577274
0.143449
-0.803039
-0.136759
-0.715176
-0.751418
-0.618862
-0.541221
-0.389338
-0.549742
0.076320
0.343438
0.459852
-0.569782
0.243574
-0.691172
0.361435
0.725202
-0.063813
0.132729
-0.427322
0.017373
0.150293
0.727086
-0.627162
0.267940
-0.576748
-0.739681
-0.352206
0.473853
0.711168
-0.442999
0.364932
0.168954
0.689654
-0.369622
0.346639
-0.568052
0.114066
0.332301
-0.005610
-0.841136
-0.569680
-0.342741
0.652052
-0.277607
-0.042371
-0.308263
0.033150
0.178560
-0.966473
-0.241708
0.234964
-0.279194
-0.360575
-0.425602
-0.245984
0.495120
-0.152673
-0.614051
-0.648924
0.127797
0.005680
-0.502520
0.452703
0.306426
-0.043631
0.047502
0.651922
0.477097
0.047775
-0.851571
-0.294448
0.441100
0.198701
-0.344719
-0.103889
0.259754
0.237255
-0.250491
-0.255369
-0.547369
0.688492
-0.150943
-0.471406
-0.065680
-0.058710
-0.371300
0.458251
-0.509615
0.589217
0.568331
0.940715
0.561467
-0.097734
-0.121152
0.337121
-0.641059
0.084614
0.673796
-0.040769
-0.251768
-0.470756
-0.694993
0.014271
0.690842
0.041448
0.130301
-0.162830
0.385996
-0.017910
0.027600
-0.729112
-0.562569
0.014224
0.236755
-0.149449
-0.208993
0.892847
-0.804003
0.317880
0.951515
-0.604771
-0.360367
-0.224770
0.356758
-0.081525
-0.891320
-0.049131
0.489195
-0.592386
-0.330161
-0.276969
0.499019
-0.242232
0.449992
-0.110581
0.156792
0.273843
0.092109
-0.368561
-0.530921
-0.623253
0.352250
0.215106
0.223131
-0.485603
-0.243173
-0.465358
0.242142
-0.218765
-0.340729
0.552002
-0.320073
-0.395910
-0.899339
-0.208673
0.087465
0.160268
-0.405119
0.388740
-0.752846
-0.378971
-0.816193
-0.449171
0.464105
-0.334424
-0.948361
-0.497264
0.669040
-0.335351
0.697258
0.230491
-0.277587
0.415692
-0.618750
-0.709430
0.902696
-0.514033
0.119024
0.138367
0.117028
-0.940277
0.856639
0.046767
-0.420068
0.214307
0.255445
0.310809
-0.053608
0.304214
0.154335
0.397335
0.190718
-0.273059
0.008429
-0.192327
0.026801
-0.237091
-0.593081
0.600678
-0.069620
-0.241562
-0.139047
-0.082161
0.880316
0.168480
0.154321
-0.078293
0.124666
0.302529
0.649453
-0.622659
0.514416
-0.115504
0.140288
-0.333990
0.174862
-0.693018
0.393698
0.413974
-0.381546
-0.738213
0.372453
0.533410
0.261391
0.462802
-0.599836
-0.270206
-0.097884
0.123845
-0.115926
-0.530667
-0.595809
0.678815
-0.697720
0.513975
0.539761
-0.089944
-0.187306
0.009330
0.595341
-0.264534
-0.588801
0.409368
0.796410
-0.000493
-0.326791
0.543039
-0.873102
-0.382950
-0.518614
0.007990
0.242768
-0.448640
0.546402
-0.473062
0.597519
-0.136788
0.483815
-0.392282
-0.366977
-0.655735
-0.630535
-0.353897
0.006477
0.123554
0.829249
0.583691
0.663780
0.100422
-0.001098
0.424902
0.394741
-0.057978
0.415895
0.277962
-0.619221
-0.627694
0.035821
-0.343021
0.447939
0.279450
-0.575134
0.456369
0.160387
0.096785
0.767569
-0.528352
-0.363178
0.725133
0.128291
-0.097358
-0.229819
0.015261
-0.018220
0.123493
-0.043262
-0.677202
-0.556336
-0.085773
0.174394
0.097926
-0.273524
0.586566
-0.362222
0.172830
0.537548
0.506550
0.334942
-0.779493
-0.830533
0.330107
-0.594767
-0.404432
-0.439506
-0.538535
0.020600
-0.167289
-0.376534
0.633172
0.086308
-0.151825
-0.000536
0.308601
-0.101717
0.335355
0.439553
0.582049
-0.252569
-0.490905
-0.195575
0.622062
0.345587
-0.100204
-0.439885
-0.333098
-0.441127
0.158270
-0.207811
0.011160
-0.071404
-0.117047
0.018554
0.391075
0.098007
-0.057774
0.059534
0.260657
-0.750253
-0.721028
-0.293155
0.522444
-0.081797
0.458263
0.322530
-0.133865
0.056861
-0.678872
0.200264
0.136932
0.048515
-0.460910
0.314695
0.368920
-0.355813
-0.627974
0.641956
0.332352
-0.173187
0.258710
-0.726213
-0.536896
-0.066242
0.611534
-0.161479
-0.586198
0.492725
-0.461414
0.553830
0.869084
0.126404
0.070267
0.301765
0.128436
-0.835323
0.132838
0.408508
-0.113458
0.554362
-0.008778
-0.120594
-0.168995
0.325571
0.082309
0.138509
-0.149739
-0.387308
-0.602814
0.190025
0.041561
0.235880
-0.329508
-0.297282
-0.339271
-0.338421
-0.318107
0.165047
-0.759015
-0.550187
0.989291
-0.203456
0.581860
-0.397803
-0.331234
-0.143603
-0.180615
-0.030485
-0.914450
0.545766
-0.212501
0.491518
-0.172174
0.364188
0.293918
-0.770073
-0.087065
0.131329
-0.254465
-0.038975
-0.365050
-0.389808
0.468181
0.589807
0.060789
-0.338928
-0.793527
0.374734
0.398863
-0.574041
0.348352
0.303334
0.558183
0.163316
0.165173
-0.182882
0.494556
0.640497
0.079949
0.076167
-0.301966
0.506550
0.017636
0.218916
-0.506516
-0.660840
-0.155343
0.511473
-0.192548
-0.641091
0.629681
0.317701
-0.213054
-0.676313
-0.509352
-0.482846
-0.317795
0.568780
0.346152
0.786473
-0.001201
-0.536686
0.092949
-0.267514
0.632866
0.877876
0.192602
-0.463608
0.466463
0.698588
-0.709796
-0.006704
0.424592
-0.094440
0.283239
-0.637999
0.533625
0.624960
0.437980
-0.897292
0.033565
0.279905
-0.134407
0.650338
0.588852
-0.193489
-0.168832
0.568207
0.517608
0.185258
0.421298
0.154411
-0.653300
0.229835
0.439189
-0.302231
0.018107
0.424771
0.155816
-0.502605
-0.204998
-0.395425
-0.853547
0.037979
-0.036775
-0.444640
-0.536552
-0.498937
-0.689816
0.710340
0.193229
-0.844415
0.086997
-0.534688
-0.599781
0.172123
0.462793
-0.203752
-0.558410
-0.309064
0.277115
-0.667759
0.526045
-0.335531
-0.539132
0.482720
0.748510
-0.686765
-0.175431
0.273996
-0.060855
-0.104927
-0.120991
0.734458
-0.374185
-0.400889
0.550334
-0.050749
0.012783
0.045979
0.362214
-0.206260
-0.120786
-0.538017
0.432989
-0.032924
0.043251
-0.807548
-0.651468
-0.360850
-0.163692
-0.621551
-0.122153
0.060321
-0.238823
0.391685
-0.355587
0.146670
0.051828
0.135957
0.587782
-0.606714
0.700340
0.363332
0.595899
-0.662242
0.651822
-0.219092
0.700330
-0.096591
-0.058170
0.377981
-0.642676
-0.336797
0.539796
0.298818
-0.629403
0.509028
0.643623
0.378326
0.367711
-0.391747
0.270626
0.421399
-0.490952
0.318686
0.336422
-0.188376
-0.433141
0.185804
-0.033008
0.321413
-0.788228
-0.215126
-0.032120
0.278499
-0.730653
-0.295712
-0.858701
-0.039600
-0.281156
0.334035
0.494287
0.608389
-0.795074
-0.729063
-0.453009
-0.384696
0.079157
-0.386026
0.421671
0.090139
-0.153704
-0.035136
-0.280135
-0.061629
-0.265098
-0.275289
-0.230011
0.116261
0.331523
0.393195
0.685243
0.226160
0.511601
-0.561947
-0.071726
0.316386
-0.052240
0.014237
-0.572543
-0.517798
-0.462712
-0.563694
0.404911
0.902716
-0.557198
0.527711
0.321407
0.207196
0.220596
0.559528
-0.035414
0.059907
0.426294
0.064300
-0.388874
-0.173787
-0.137027
0.164067
0.578092
-0.455032
-0.050678
0.618028
-0.190408
0.178524
-0.133468
0.170436
0.063004
-0.842816
-0.470663
-0.160596
0.535739
0.137719
-0.292885
-0.284847
-0.606239
-0.097451
0.592529
-0.042805
-0.334153
0.336828
0.205217
-0.609747
0.211495
0.211662
0.432410
0.501293
0.104473
-0.450520
-0.868003
0.573211
0.111643
-0.441854
0.652602
-0.050988
0.123613
0.192423
0.105411
-0.479281
-0.769801
0.025574
-0.091618
0.611213
0.056412
-0.815203
0.777001
0.304998
0.595871
0.211598
0.474130
0.214867
0.406935
0.674896
-0.574516
-0.144693
-0.893039
-0.701600
0.389128
-0.373126
0.047716
0.410209
-0.110086
0.155342
-0.477902
0.405851
-0.069143
0.120539
0.705591
-0.026295
0.053282
0.396548
0.486754
-0.148923
-0.353147
0.139181
0.273161
-0.203327
-0.837611
-0.706337
-0.352712
-0.345407
-0.588987
-0.417084
0.327579
0.643134
-0.847368
-0.439852
0.301652
0.451588
-0.334198
-0.292348
0.035046
-0.183898
-0.820014
0.192030
0.095156
-0.517025
-0.575903
0.287332
-0.441129
0.775511
-0.031621
-0.155081
0.162765
-0.411063
0.290856
-0.176377
0.424770
-0.426650
-0.932989
-0.493607
-0.621816
0.634409
0.156922
0.459036
0.153312
0.770214
-0.798715
0.583692
-0.126442
0.665504
0.121312
-0.377218
-0.776594
-0.258356
-0.572776
0.484023
0.114067
0.196993
-0.143916
-0.459869
0.199129
0.547589
-0.036216
-0.681270
-0.185628
0.237140
0.108594
0.323033
-0.321053
-0.136700
-0.849238
-0.091566
0.056299
0.554881
0.536134
-0.762735
0.745430
0.493545
-0.764730
-0.661285
0.332164
-0.115623
-0.432416
0.232078
-0.767966
-0.318424
0.475586
-0.209294
0.497407
0.173210
0.332902
-0.677309
0.114092
0.443889
0.246220
0.485668
-0.158173
-0.506963
0.044516
0.672442
0.079860
0.585656
0.130110
0.943372
0.598141
-0.072868
0.524860
0.262142
0.001029
0.271755
-0.146445
0.404630
-0.531032
-0.087972
0.289214
-0.755653
-0.654791
-0.484504
-0.581401
0.057624
0.077872
0.477004
0.102527
0.384384
0.516726
0.198359
-0.682481
0.245691
0.339438
-0.084047
-0.738762
0.501600
-0.110600
-0.879807
0.687276
-0.530784
0.381533
0.252196
-0.157187
-0.687157
0.583981
-0.106777
-0.132553
0.544237
-0.872797
-0.322409
0.051170
-0.025092
-0.098933
0.229868
-0.971763
0.635896
-0.327258
0.191414
-0.397189
0.408941
-0.777887
0.699446
0.676101
0.808160
-0.725054
-0.041320
-0.189908
0.351573
0.348023
-0.372373
-0.252389
-0.364528
0.582453
-0.361922
0.252073
-0.341558
0.726167
-0.533847
0.039053
-0.674454
0.320677
-0.897804
-0.198646
0.051729
0.123208
-0.441254
0.340804
0.181990
-0.312249
-0.458277
-0.266156
0.199728
-0.369778
-0.461444
-0.386368
0.886160
-0.455418
-0.894224
0.018948
0.321198
0.697284
-0.615986
-0.856662
0.157680
-0.775138
0.025895
0.157732
0.567852
0.369393
-0.113076
0.236592
-0.756719
0.482803
0.865924
-0.094954
0.056567
0.110976
0.569144
0.864506
-0.709237
-0.196285
-0.080328
-0.289420
-0.217824
-0.094231
0.134886
-0.159963
0.138791
0.301002
0.478369
0.343000
-0.528088
-0.430480
-0.294002
0.470514
0.036524
0.766087
0.502144
0.539458
0.013566
-0.084714
-0.056660
-0.774591
-0.346229
0.001229
0.301429
0.161679
-0.045276
-0.277858
0.742911
-0.129139
0.055495
-0.572095
-0.358585
0.201746
0.655415
-0.713200
-0.684354
0.628280
0.295766
-0.435676
0.293729
0.748555
-0.540790
-0.733224
0.448594
0.005648
-0.119506
0.518553
0.518759
0.509560
-0.241749
-0.068974
-0.921545
-0.311924
-0.089803
-0.272028
0.197390
0.802560
0.498576
0.625402
-0.281713
0.054255
0.829840
-0.299723
0.385515
0.011718
0.933688
-0.777709
-0.148295
0.527518
-0.343668
0.111419
0.657889
0.273573
0.089220
0.566671
-0.583524
-0.375061
0.516539
-0.763129
0.034909
0.487952
-0.553035
0.838115
-0.835359
0.147682
0.237593
-0.639158
-0.937246
0.165488
-0.311692
-0.553690
0.045090
0.095241
0.161219
-0.291048
0.233789
0.214937
-0.696792
-0.428331
0.145253
-0.447033
0.383178
-0.076633
0.470746
0.388816
0.409973
-0.033760
0.195187
0.046742
-0.031258
0.217147
-0.441035
-0.519546
-0.678001
-0.727789
0.551822
-0.506796
0.186041
0.411600
-0.419436
0.128738
-0.758499
0.093811
0.174691
0.199352
-0.430582
0.097060
-0.308699
-0.449839
-0.181365
-0.108959
0.548263
0.135973
-0.578472
-0.260608
0.632028
-0.079966
-0.397456
0.754570
0.729880
-0.794300
-0.514998
0.130333
-0.028414
0.440027
-0.627410
-0.386277
0.526062
-0.607585
0.924856
0.049267
-0.207710
0.213123
-0.263315
-0.061448
-0.499517
0.154892
0.181620
-0.020612
0.525811
-0.514127
-0.268898
-0.635795
-0.098065
0.346868
-0.235322
-0.858680
-0.107683
-0.187286
-0.787372
0.008883
0.225816
-0.314950
0.805822
0.772315
0.599996
0.405823
0.350477
-0.841098
-0.828820
-0.221768
0.517200
0.691631
0.268471
-0.863198
-0.003770
-0.292989
-0.185505
0.167260
-0.627836
0.525445
0.352150
0.195809
-0.200355
0.406036
0.248225
-0.515037
-0.585508
0.822582
-0.685581
0.022001
0.282436
0.201172
-0.571612
0.820519
-0.381612
0.146843
-0.592607
-0.443798
-0.112005
0.178959
-0.410009
-0.806173
0.860916
-0.332148
0.213263
-0.437480
0.113714
0.559002
-0.848080
-0.605955
-0.322245
0.123973
0.196218
-0.449193
0.404718
-0.059534
0.000252
0.001686
0.071530
0.108358
0.236795
0.099338
-0.412230
-0.161995
0.167691
0.613464
0.213178
0.340215
-0.042040
-0.576264
0.529057
0.218696
0.047126
0.280457
-0.158536
0.026228
0.292808
-0.262699
-0.376486
-0.438305
-0.339412
-0.409133
0.136715
0.168174
-0.286378
-0.640453
0.033835
0.356234
0.487685
0.056152
-0.272698
-0.520145
0.829056
-0.224870
0.076603
0.342158
0.400936
0.366475
-0.234080
0.289804
0.276545
-0.581370
0.266640
-0.694817
-0.276784
-0.254571
-0.385540
0.147524
0.491310
0.635858
-0.134640
0.747645
0.728338
0.350298
0.200240
0.612457
0.319728
-0.201185
0.300695
0.135400
0.043099
-0.584015
0.400504
0.223796
0.216944
-0.242799
0.652608
0.534079
-0.355247
0.835414
-0.217126
0.183753
-0.825642
0.799028
0.511717
0.714106
0.345826
-0.206900
-0.242078
-0.748478
0.559800
0.375642
-0.526545
-0.389760
0.421978
-0.432009
-0.499756
0.231174
0.185830
0.604387
0.127169
-0.359272
0.681411
-0.338449
0.606854
0.589344
0.724466
-0.533064
0.527561
-0.459784
-0.377946
-0.189406
-0.874403
-0.577061
0.262435
0.529379
-0.052475
-0.817584
0.239394
0.474852
0.091317
0.219936
-0.468018
0.255785
0.623962
-0.669799
-0.269123
0.153380
0.145741
-0.178308
-0.001452
-0.417695
0.079680
0.075372
0.418793
-0.630900
-0.737807
0.194026
0.661607
-0.756454
0.760047
0.858515
-0.091775
-0.155131
0.120076
0.268976
-0.318479
0.575260
-0.799995
-0.235497
0.468571
0.544486
0.009957
0.422822
-0.490906
-0.393074
0.157196
0.491788
-0.092096
-0.715828
0.450063
0.291200
0.256113
-0.391318
0.280207
0.685728
-0.720804
0.576671
-0.140981
-0.854618
0.602295
0.197103
-0.010426
0.186278
-0.104216
0.038586
0.407079
-0.069039
0.443831
0.836905
0.345624
-0.621804
0.429675
-0.238001
-0.434820
0.368337
-0.057118
-0.005545
0.148699
0.624962
0.930438
-0.585455
0.532459
0.260225
-0.184390
-0.171865
-0.214531
-0.537664
0.155663
0.765230
0.020107
0.109592
-0.346675
-0.767838
0.188667
0.075787
0.518820
0.248436
-0.916720
-0.669326
0.582921
0.484959
-0.754435
0.234196
0.142110
0.830673
0.692270
0.208979
0.177310
-0.105027
0.739624
-0.081506
0.636229
0.081282
-0.900072
0.094541
-0.181108
-0.129163
-0.179848
-0.207470
0.299898
-0.140242
-0.898166
0.629572
0.137968
-0.039691
0.009830
0.620157
0.240867
0.389153
-0.357859
0.592413
-0.230229
0.677031
0.204778
0.600952
-0.162175
-0.166745
-0.251169
-0.617269
-0.307960
-0.666571
-0.631732
0.317993
0.527663
0.635026
0.153659
0.054682
-0.544189
0.305822
0.529568
0.145204
-0.718276
-0.190033
-0.316376
0.751505
0.175966
0.014400
0.731760
0.181780
-0.641953
0.394344
0.300062
0.698304
0.145934
0.394374
0.613203
0.262451
0.002658
-0.062994
-0.709967
-0.503717
-0.493622
-0.593113
0.123411
-0.621623
0.137626
0.750468
-0.042088
0.277251
-0.108446
-0.066787
-0.030692
-0.572212
-0.744616
-0.726639
0.332222
-0.115803
-0.364259
-0.536576
-0.365459
0.171924
0.528817
-0.397452
-0.524888
-0.388417
-0.058846
0.138427
0.929016
0.304808
-0.322868
0.292091
0.306271
-0.141620
0.092462
0.002544
0.158536
-0.221802
-0.703535
-0.897524
-0.386047
0.422418
-0.474739
-0.694783
0.179928
0.414542
0.192617
-0.495773
-0.217613
0.580870
-0.399077
0.138760
-0.593689
-0.569023
0.350901
0.641094
-0.115951
-0.439172
0.610042
0.514069
-0.054656
-0.144586
-0.711876
-0.410156
0.168132
0.438805
-0.345743
-0.253886
-0.593502
0.506102
0.786068
0.959240
-0.239903
-0.555343
0.374107
-0.246627
0.291370
0.502664
0.489834
-0.774446
0.574605
-0.073530
-0.451369
0.440411
-0.374462
-0.015592
0.554454
-0.790616
0.388745
-0.431430
-0.081922
0.465209
-0.347245
0.826602
0.022973
-0.511974
0.795103
0.367104
0.570663
0.077826
-0.223109
-0.776517
0.771668
-0.328668
-0.407925
-0.527254
0.268544
-0.375117
-0.453928
0.387278
-0.199100
-0.731974
0.499008
-0.569545
-0.466828
0.084936
-0.212768
-0.351271
0.613274
0.574861
-0.514952
-0.465055
-0.337902
0.423008
-0.271685
-0.404004
0.527693
0.044497
-0.076516
-0.143947
0.540301
0.015499
0.164041
-0.442475
0.222254
-0.302003
0.440384
-0.203376
0.201904
-0.192852
-0.141419
0.281251
-0.242706
0.809504
0.488758
-0.736703
0.479803
-0.955062
0.047136
-0.242638
-0.110092
0.407841
0.800595
-0.508443
0.769439
-0.195101
0.865600
0.688777
-0.344101
0.662095
0.167229
-0.383669
0.003578
0.739535
-0.295353
0.236365
-0.228895
-0.424495
-0.412151
0.287002
-0.236898
-0.459765
0.125125
0.067069
-0.499581
0.249153
0.180977
-0.530555
-0.032512
-0.104686
-0.062434
0.609569
-0.374725
0.755462
-0.515796
0.672193
0.168198
0.206280
-0.097494
0.375207
-0.329515
0.466471
-0.521524
-0.324835
0.043884
-0.531585
-0.654550
0.078768
-0.013806
0.370185
0.277312
-0.486449
-0.064916
0.675469
-0.535549
0.345148
-0.215936
-0.087536
0.472348
0.172861
0.173931
-0.278564
0.013877
-0.150944
0.343449
0.589310
-0.458874
0.327900
-0.484364
0.708972
-0.919237
0.338775
-0.331229
0.545249
-0.452005
0.914418
0.441960
0.879903
-0.636572
-0.462140
-0.613536
0.359206
0.823466
0.413769
-0.609057
-0.441065
0.187652
0.388266
-0.303953
0.077996
-0.224006
0.852291
-0.842913
-0.787580
0.178927
0.177144
0.052623
0.326854
-0.463254
-0.427263
-0.270812
0.612349
0.389605
-0.136624
-0.658255
-0.161269
-0.182792
0.307645
-0.379382
0.511820
0.042438
0.170049
0.466641
0.333884
0.036715
-0.599858
0.354743
0.534055
0.004191
0.543477
0.758813
-0.283744
0.803934
-0.759012
-0.036694
-0.470527
0.552308
0.151846
0.651316
0.285067
-0.774411
-0.457538
0.524353
0.127617
0.256457
0.654185
0.397292
-0.644128
-0.675179
0.099690
0.617769
0.222335
0.490200
-0.845282
-0.471283
0.371352
-0.021366
0.072340
-0.315234
0.264439
-0.115607
0.326981
0.129702
-0.156580
-0.082361
0.643183
0.510149
-0.009120
0.222315
-0.175192
-0.460581
-0.591524
0.979481
-0.261200
-0.161378
0.345310
0.147704
0.071305
-0.687444
-0.082572
0.011081
-0.604249
0.282267
0.096046
0.722012
-0.505727
-0.400439
0.774507
-0.736172
-0.142179
-0.337185
-0.024666
0.045142
0.679797
0.462333
0.921814
0.577954
-0.546738
0.611018
0.562951
0.049516
-0.146402
0.109170
0.716089
0.187335
-0.751947
-0.548174
-0.797040
-0.681507
-0.335579
-0.695823
-0.850883
-0.736758
0.167970
-0.544702
-0.353839
-0.424966
-0.427737
0.321414
-0.736181
-0.527448
-0.463194
-0.493119
-0.430051
0.097720
0.815976
-0.408396
-0.386603
-0.737391
-0.191597
-0.888148
0.923986
0.674269
0.090321
0.223625
0.155163
-0.374425
-0.168141
-0.257930
-0.162772
-0.715208
-0.740153
-0.655859
-0.299697
0.398069
0.537209
0.268234
-0.020801
0.575868
0.048251
-0.028461
-0.047802
-0.088070
-0.428577
0.490988
-0.526573
-0.561231
0.565450
-0.736524
0.326172
-0.210147
0.797885
0.603498
0.045754
-0.464067
-0.525511
-0.318240
0.134604
0.228047
-0.683075
-0.254199
0.343473
0.716575
0.925870
0.528669
-0.459622
-0.449335
-0.594365
-0.431400
-0.552387
0.071555
-0.301836
0.185207
0.685986
-0.552162
-0.151231
-0.500841
0.539728
0.929311
0.070104
-0.107682
-0.690750
0.267161
-0.179350
0.085677
0.887723
0.493125
-0.931879
0.458351
0.734054
0.711875
-0.484616
-0.531077
0.187006
-0.095682
0.617263
-0.557397
0.161753
0.896087
0.336122
0.058672
0.230053
-0.107372
0.198494
-0.248431
0.390594
-0.165863
0.443832
0.556655
-0.183330
-0.695451
0.252350
-0.205610
-0.484311
-0.081157
0.068945
0.044340
0.580723
-0.520321
-0.077442
0.272096
-0.365625
0.410960
0.465565
-0.800131
0.159250
-0.340007
-0.017742
0.047970
-0.045848
-0.252362
0.397592
-0.354360
-0.305462
0.068616
-0.208200
0.101211
-0.273857
-0.911689
0.737534
-0.048061
-0.039350
-0.168020
-0.585626
-0.655762
-0.597814
0.777942
0.571526
-0.464472
-0.747836
0.251294
-0.368196
0.892488
0.063125
-0.800253
-0.490781
-0.200488
-0.044740
-0.234009
0.383692
-0.113787
0.547112
0.445997
0.717174
0.620474
0.669281
-0.465460
0.605477
0.255177
0.319255
-0.235543
-0.109260
-0.464200
0.325165
-0.692444
0.300866
0.001637
0.007670
0.036595
-0.462423
0.333927
-0.464669
0.074264
-0.475675
0.835539
-0.314089
0.322180
0.319909
-0.228181
0.104429
0.609045
-0.238539
0.024300
-0.290961
0.333365
-0.194271
-0.550146
0.205498
0.810088
0.397082
-0.075156
0.053848
-0.313294
-0.275992
0.036758
-0.697071
0.884386
-0.866222
0.835816
-0.431185
-0.025947
-0.917233
-0.292807
0.343386
-0.365335
-0.492195
-0.198751
0.380481
-0.010178
0.582984
-0.277670
0.187400
0.100471
0.435063
0.084210
-0.375474
-0.752259
0.700547
0.742640
0.640013
0.463480
-0.203568
0.693719
0.660261
0.777038
0.449635
-0.581224
-0.973840
-0.351676
0.024132
-0.353721
-0.415886
-0.170946
-0.553188
-0.357724
-0.400670
0.632573
-0.272347
-0.045701
0.454033
0.244447
0.365305
0.213332
-0.776349
-0.427495
0.507769
0.300250
-0.501526
0.128147
-0.290769
0.433653
-0.191856
-0.216441
0.609398
-0.160868
-0.146049
-0.468646
-0.361104
0.018401
-0.149870
0.068984
0.735756
-0.154575
0.419500
0.257529
-0.253314
0.279440
0.760179
-0.187809
0.855695
0.572325
0.341822
-0.499951
0.774154
-0.237377
0.242731
0.182001
-0.228184
0.753469
-0.013506
0.378818
-0.100135
-0.099782
0.432715
0.785468
0.358389
-0.610540
0.438581
-0.375225
0.419121
0.107850
-0.710900
-0.552357
0.534375
-0.751021
0.374303
-0.529997
-0.397228
-0.277718
0.312433
0.041522
0.036273
0.151611
0.691310
0.415748
-0.140038
-0.404094
0.480389
-0.806504
-0.152725
0.036632
-0.646642
-0.394653
0.830942
-0.567594
-0.076539
0.393102
-0.087662
-0.441297
0.064836
0.411247
-0.026020
0.741516
-0.143831
-0.843892
-0.341364
-0.422940
-0.569543
-0.413730
0.156971
0.161266
0.206939
-0.779419
0.565079
-0.289446
-0.536102
0.702994
0.113683
-0.126361
-0.550512
-0.476746
-0.245978
-0.455516
-0.179392
0.574094
-0.335894
-0.071912
-0.156945
0.697171
0.205554
0.376133
0.573631
0.683036
-0.315297
-0.230867
-0.210402
0.674684
-0.155017
0.750318
-0.133565
0.186452
-0.425602
-0.560237
-0.121564
-0.158030
0.533007
-0.689566
-0.640625
-0.463787
-0.142977
0.384627
-0.223702
-0.361694
0.148049
-0.577319
0.140129
0.001762
-0.158484
-0.113090
-0.016941
-0.873152
0.424033
0.080186
0.506628
0.245406
-0.546150
0.924031
0.158459
0.869472
-0.209612
0.360472
0.606200
-0.045329
-0.068469
-0.778908
0.395771
-0.426437
-0.113894
-0.130504
0.192609
0.091163
0.762874
0.209271
-0.615454
-0.400503
0.228157
0.764985
0.493847
0.212875
-0.108217
0.082779
-0.150802
-0.706378
0.568305
0.618495
-0.174863
-0.213759
-0.172574
0.340921
0.249290
0.340409
0.720813
-0.372881
0.037013
0.126558
-0.520472
-0.527400
-0.154652
0.106608
0.295733
-0.103341
-0.184561
-0.058418
-0.320414
-0.715847
-0.204859
-0.310924
-0.326782
-0.057103
-0.023096
0.276287
-0.339770
0.055456
0.435246
-0.455346
0.636027
0.574400
0.260292
0.431613
0.370152
-0.794023
0.683484
-0.858476
-0.139897
-0.718931
0.092152
0.483348
-0.458623
0.610667
0.187709
-0.573290
0.279893
-0.378059
-0.246579
0.324244
0.162746
-0.072834
0.054057
-0.061785
-0.561411
0.572759
0.242753
-0.297790
0.340774
-0.091666
-0.635211
-0.296944
0.127625
-0.227830
-0.474452
-0.116338
-0.141649
-0.249819
0.250281
0.488593
-0.183126
-0.459546
-0.760920
0.111322
-0.217946
-0.364217
-0.563048
0.079631
0.079640
0.428565
-0.236594
-0.569235
0.109153
-0.513762
0.551041
-0.319999
-0.415396
-0.708719
-0.875648
-0.744171
0.368614
-0.575761
-0.813646
-0.230946
-0.129382
0.031427
0.263988
-0.496947
-0.584161
0.678962
-0.393816
-0.364676
-0.760397
0.239657
0.651583
0.297164
0.336743
-0.085162
0.674991
-0.226617
0.562722
-0.630703
-0.559793
0.892924
0.756286
-0.422612
-0.934498
-0.030280
-0.571792
-0.508469
-0.402042
-0.204963
-0.313126
0.397513
-0.299080
-0.663478
-0.195166
0.510141
-0.369495
0.587797
-0.261925
-0.211448
-0.537899
-0.768368
-0.316908
0.592944
-0.119547
-0.970453
-0.255961
0.326394
0.787992
0.321611
-0.941730
-0.014253
0.175624
-0.427087
-0.484121
0.021926
-0.207698
-0.448679
0.175767
-0.453899
-0.143997
0.780001
-0.027868
-0.326184
-0.079321
-0.375586
0.915000
0.115871
0.199771
-0.025384
-0.563640
0.514876
-0.381970
-0.365451
-0.121503
-0.308063
-0.037692
0.229352
-0.398292
-0.661977
-0.547703
-0.053072
-0.491361
0.000926
-0.029093
-0.221650
0.186327
0.730095
0.421146
0.482197
0.068374
-0.489279
0.751030
-0.337949
-0.768288
0.600016
0.383759
-0.123612
0.222406
0.781568
-0.038893
0.145402
-0.274818
0.479511
-0.187144
0.483533
-0.010730
0.207123
-0.778153
0.856160
0.145673
-0.256661
-0.416222
-0.235644
-0.837543
-0.203826
-0.241733
-0.546859
0.123788
-0.418045
0.593373
0.830739
-0.348331
0.067770
-0.102066
0.355920
0.013372
0.471796
0.405913
-0.559330
0.751357
0.416124
0.114561
-0.627535
0.783073
-0.666556
0.092609
-0.612391
-0.522053
0.556896
-0.342142
-0.116865
0.491362
0.580752
-0.205091
-0.235081
-0.422020
-0.811013
0.299984
0.225778
0.308177
-0.155498
0.098813
0.409838
-0.013528
0.480675
0.028203
-0.245827
-0.660541
-0.385383
-0.123917
0.476149
-0.477777
-0.122791
0.727543
0.709435
0.121122
0.058085
-0.401961
0.234198
-0.262683
-0.631012
-0.085800
0.247462
-0.724698
0.843910
0.380641
0.433754
0.345495
-0.147062
0.711878
-0.824322
-0.124914
0.833288
0.377876
0.730992
-0.026737
-0.454453
0.114412
-0.563057
-0.568905
0.619240
-0.452584
0.577666
0.613535
0.484410
-0.123156
-0.037250
0.139183
-0.151690
0.657423
0.757136
0.280367
0.157765
-0.339154
0.343962
-0.352759
0.025976
-0.544100
0.372505
0.240737
-0.079396
-0.142549
0.397306
0.418767
0.578391
0.053367
0.771276
0.090035
0.256762
-0.305980
-0.745637
0.259118
0.498404
-0.197683
-0.466685
-0.733570
-0.002087
-0.318807
0.047557
0.544652
0.045438
-0.664407
-0.230722
-0.353566
0.496390
0.333736
-0.394116
0.035743
-0.858414
0.449529
0.125827
-0.556942
0.427437
-0.145104
0.006150
-0.123178
0.530311
-0.437953
-0.534317
-0.582101
-0.476381
0.291685
-0.246645
0.717724
0.156154
-0.381435
-0.060442
0.449732
-0.382404
0.615730
0.690627
0.361023
0.356466
-0.532343
-0.296036
-0.218141
0.233114
0.346025
-0.118054
-0.091139
-0.188314
-0.225879
-0.343786
-0.450005
0.025816
0.747149
0.638541
0.397785
-0.434697
-0.221550
0.576002
-0.840173
-0.549154
-0.198534
0.435222
-0.475412
-0.562654
0.117636
-0.551791
0.072112
-0.119430
0.120776
-0.197452
-0.248476
-0.612776
-0.330851
-0.206875
-0.275964
0.823378
0.368117
0.574316
0.317511
-0.088585
-0.162738
0.300681
0.485356
0.230789
-0.201862
0.208705
0.064950
-0.193965
0.391160
0.036239
0.753662
0.913586
-0.771714
-0.500680
-0.226762
-0.732483
0.187629
-0.680152
0.492598
-0.659707
-0.659169
-0.196611
0.634003
0.575426
0.704790
0.776957
0.502851
-0.178081
-0.102274
0.104840
0.513551
-0.210276
0.176854
0.232437
-0.032994
0.328393
-0.001834
0.335409
-0.239924
0.004248
0.266668
0.209207
0.147828
-0.588889
-0.548005
-0.389949
0.181125
-0.551690
0.673329
0.614349
-0.250541
0.415707
0.719117
-0.571868
0.628504
0.524480
0.610182
-0.543058
0.403361
-0.324771
0.481805
-0.251124
0.024858
0.804041
0.161944
0.059847
0.238695
-0.519124
0.150853
-0.668833
-0.360927
0.179022
-0.179690
0.232944
0.134292
-0.214890
0.101451
-0.376294
-0.659406
-0.165352
0.372297
0.025934
-0.331614
-0.618356
0.401788
0.610813
-0.823876
0.135140
-0.565131
0.474120
-0.538318
-0.215936
-0.226620
0.664258
0.333733
-0.137377
-0.453807
-0.123939
-0.637694
0.245629
-0.041515
-0.196993
0.937630
0.861539
-0.583955
0.543077
0.384775
0.655641
-0.118073
0.133849
-0.330625
-0.203938
-0.099515
0.421644
0.572267
-0.671130
0.180799
-0.196054
0.245415
0.291448
-0.140036
-0.139708
-0.012833
-0.417225
-0.249216
0.605406
-0.287803
0.346350
0.865732
0.422277
0.071548
0.417304
-0.734005
-0.024972
-0.329341
-0.048951
0.612679
-0.643850
-0.678833
-0.658727
0.408669
-0.219933
0.358850
0.260045
-0.148835
-0.734772
0.376038
-0.368894
-0.359591
-0.311406
-0.003029
0.721703
0.408796
0.076607
0.408220
-0.357850
-0.745430
0.143163
0.660129
-0.763379
0.785907
-0.739763
-0.210335
0.207133
-0.171213
0.510807
0.353732
0.163891
0.639066
-0.174178
-0.571240
-0.280773
0.588714
0.371202
0.332215
-0.418768
-0.566617
-0.403719
0.125329
-0.305153
-0.168378
-0.103267
-0.245285
0.802372
0.286085
-0.432986
-0.220547
0.273202
-0.444156
0.564919
0.671238
-0.362153
0.056199
0.031580
-0.671748
-0.073897
0.236414
-0.393316
0.005258
0.164823
0.347724
-0.229192
0.592900
0.100094
-0.619237
0.724057
0.013732
-0.037462
0.449486
0.043592
-0.430901
-0.032468
0.068251
-0.436995
0.310026
0.079606
0.352479
-0.025754
0.697087
-0.091630
-0.054757
-0.768203
0.486396
0.375414
-0.804951
-0.426092
0.374691
-0.162587
0.029397
0.937358
0.193484
-0.740844
-0.100065
0.543861
0.054058
-0.171437
0.831324
-0.281732
0.302633
-0.664384
-0.604521
0.066642
-0.471826
-0.366259
-0.410632
-0.073416
0.680300
-0.286039
-0.631875
0.755702
0.088641
0.419107
0.493820
-0.124110
-0.107047
0.709316
0.618102
-0.007481
0.502244
0.204949
0.507356
-0.472556
-0.107188
0.280407
-0.077549
-0.254692
0.280074
-0.517327
0.862263
-0.244889
-0.088534
0.728394
-0.750559
0.363415
-0.941686
0.259893
0.438350
0.318246
0.371125
-0.342366
0.032516
0.148779
0.082112
-0.076263
0.165674
-0.402014
0.644126
-0.490267
0.314511
-0.481521
0.582264
0.177716
0.176297
0.354858
0.230079
0.086977
-0.071800
0.604927
-0.692826
-0.445495
-0.904659
-0.429887
-0.902512
0.788656
0.154396
-0.199371
0.911618
0.080171
-0.463403
0.661946
-0.134381
0.021106
-0.242537
0.139911
-0.629216
-0.026658
0.338441
-0.456030
0.303516
0.306835
0.870563
0.158632
-0.634540
-0.028682
0.132649
0.654531
0.288222
-0.306075
0.675494
-0.360698
0.413408
-0.458712
0.157814
0.442104
-0.955636
0.461244
0.149752
0.316064
-0.353075
0.049226
0.186493
-0.791394
0.082435
0.225363
0.197080
0.259067
-0.783308
-0.107767
0.631077
-0.194006
-0.549153
0.306643
-0.407868
0.034179
0.404369
0.782444
-0.089341
-0.350498
-0.580031
-0.590432
-0.424961
0.771485
0.305782
0.774118
0.113771
-0.582206
0.604724
0.449707
0.262381
0.568997
0.214353
0.862952
0.773088
-0.371417
0.532613
0.248549
-0.329569
0.041796
-0.512888
0.240705
0.171162
-0.770475
0.111785
0.471017
0.006443
-0.536489
0.614669
0.910695
0.070114
0.947980
0.559896
0.217321
-0.796551
0.522232
-0.286962
-0.160329
-0.697832
0.057713
0.031098
-0.286856
0.099986
-0.373168
0.067152
-0.500407
-0.794250
0.462861
-0.703328
0.603143
-0.370421
-0.024277
-0.296000
-0.676605
-0.376297
0.161533
0.094668
-0.868098
0.605608
-0.060672
-0.233712
-0.326581
0.225271
0.728158
0.536890
0.448796
0.273793
-0.202808
0.262677
-0.945220
-0.422019
-0.194243
0.084304
0.512883
-0.267134
-0.197826
0.363242
0.232765
-0.087209
-0.490500
-0.282174
0.251510
0.306452
-0.652881
0.684885
0.919013
-0.653841
0.904036
0.239068
-0.690438
-0.082797
0.498621
0.019598
-0.133225
0.737855
-0.654498
0.441447
0.541553
-0.283170
0.364808
-0.185773
0.560830
0.342684
0.109092
0.626624
0.757364
0.395426
-0.113842
-0.430781
-0.573993
-0.389584
0.093347
-0.225502
0.341354
0.106655
0.841893
0.667490
-0.103624
0.702198
0.505132
-0.795904
-0.407524
-0.023486
0.577137
0.060687
0.552086
-0.309867
0.506475
-0.165787
0.177890
0.459875
0.184418
-0.544473
-0.378085
0.382698
0.313736
-0.482114
0.089113
-0.767355
0.696414
0.412474
-0.529749
-0.350434
0.337400
-0.540320
0.025721
-0.635632
0.578584
0.889225
-0.104682
0.672172
0.510878
0.786353
0.617752
0.013690
0.080506
-0.540112
0.244885
-0.050777
0.803854
-0.150541
-0.321714
-0.946670
0.012826
0.262197
0.646154
-0.504106
0.118863
0.027609
0.386565
-0.650017
-0.316697
-0.307314
-0.484579
0.444210
-0.293683
0.123191
-0.569749
-0.130819
-0.169234
-0.541061
-0.789496
0.304231
0.032154
0.520486
0.165404
0.198603
0.519004
0.510334
-0.444763
-0.635647
-0.544483
0.459015
-0.782419
0.402661
-0.692378
-0.517546
-0.885041
0.835680
-0.396245
-0.936354
-0.149564
0.289111
0.148495
-0.038822
-0.044440
-0.292374
-0.656136
-0.473799
0.474975
-0.758044
0.291317
-0.106688
-0.038905
-0.187651
0.290032
0.555469
-0.397310
-0.037671
-0.403076
-0.652560
-0.158105
0.145350
-0.717299
-0.382886
0.122102
0.276989
0.017469
0.052376
0.096147
-0.056386
-0.149327
0.079779
0.553820
-0.182815
0.514578
-0.424751
-0.194495
-0.299123
-0.191698
-0.223111
-0.716463
-0.045812
0.065522
0.437789
0.374426
0.063858
0.470524
0.879321
0.023398
-0.643732
-0.005180
0.078472
-0.329707
0.153847
-0.476803
0.175721
0.414547
0.000919
-0.062421
-0.352821
0.022308
-0.023860
-0.685478
0.505618
0.129115
-0.109629
0.706949
0.783837
-0.115407
0.265814
0.351561
-0.271193
0.106268
0.452575
-0.104791
0.276024
-0.658157
0.071672
0.734190
-0.537424
0.066367
0.379940
0.359256
0.580875
0.180108
0.300992
0.477219
-0.735792
-0.587014
0.176076
0.174232
0.646973
-0.740094
-0.644753
-0.004146
0.637516
0.431046
0.186837
0.150874
